10
15 28
2 8 4 2 2 4 2 2 2 8 2 4 64 2 4
2 8 2 2 2 2 2 2 4 4 2 4 8 4 4
4 4 2 8 4 2 8 2 2 2 2 8 2 4 2
4 4 4 4 8 4 8 4 2 4 2 2 2 2 2
8 2 2 4 32 64 2 4 2 2 4 2 2 2 2
2 2 2 32 2 8 2 2 4 4 4 2 2 8 2
8 4 2 1024 2 8 4 4 2 2 2 8 2 2 2
2 2 2 4 4 2 2 2 16 2 2 2 2 2 4
4 2 64 8 4 2 2 2 8 256 2 4 8 8 2
16 2 2 2 64 2 16 32 16 2 2 8 4 8 2
2 2 2 2 4 4 8 8 16 2 2 16 4 2 8
4 4 2 8 2 512 4 4 2 2 2 2 8 2 2
2 2 2 2 2 4 4 2 8 2 2 2 2 8 2
8 8 128 2 2 2 4 8 2 2 2 2 4 4 2
2 2 4 4 2 2 2 4 2 4 2 4 2 2 4
17 26
2 2 2 64 4 4 4 2 4 4 2 16 4 2 16 4 4
2 16 2 4 2 2 4 2 2 2 2 2 4 4 2 4 4
2 2 2 4 4 4 16 2 4 2 16 2 2 4 2 2 4
2 4 8 16 16 2 2 32 2 2 2 4 4 8 2 8 2
32 2 4 2 4 64 2 4 8 2 8 64 2 4 2 2 8
2 2 4 16 16 2 2 2 4 8 16 4 2 2 2 2 8
4 16 4 4 8 4 2 4 2 4 2 16 2 16 2 2 2
2 2 2 2 2 8 2 2 8 8 2 4 4 4 2 4 2
2 4 2 2 2 32 2 16 8 4 4 4 8 2 16 2 2
16 2 4 2 2 2 8 2 2 16 4 64 4 4 2 2 2
2 2 8 2 32 2 64 4 2 2 4 2 4 8 2 4 2
16 4 8 16 16 2 2 16 2 2 2 8 64 4 64 4 2
4 4 2 2 2 2 4 2 16 4 8 2 2 2 16 2 2
4 4 8 2 4 2 16 2 32 2 8 8 4 2 16 2 2
32 16 4 2 16 64 2 4 2 4 16 2 4 16 8 2 2
8 2 2 4 2 2 64 4 2 8 16 4 2 2 32 64 2
2 32 64 32 4 4 4 4 2 8 2 2 8 4 2 4 4
9 13
16 2 2 2 2 16 2 2 16
2 2 4 2 2 16 2 4 2
2 2 2 2 8 2 8 8 2
2 16 4 4 2 2 8 4 2
8 2 32 8 8 2 8 2 2
4 2 4 4 4 2 8 2 16
2 4 32 2 16 2 2 2 2
4 2 2 32 8 4 2 16 4
8 4 2 2 4 2 2 8 2
8 11
2 2 4 4 4 2 2 8
2 4 2 2 8 2 64 2
4 2 2 4 2 2 2 4
16 4 4 4 4 2 2 4
4 8 2 64 2 4 2 2
4 2 2 4 4 16 2 2
32 2 2 16 64 4 16 8
2 2 2 2 2 2 16 4
8 35
2 8 2 2 2 4 8 2
16 2 32 4 128 4 2 16
2 8 4 2 4 8 2 2
128 2 4 4 8 4 4 8
4 4 8 8 4 8 16 2
2 4 2 8 2 4 4 8
256 4 2 2 32 8 8 2
4 16 16 2 2 2 2 4
13 15
2 4 4 2 2 4 2 8 2 8 4 2 8
2 4 2 32 2 2 2 4 8 2 4 2 128
2 2 2 16 16 4 4 2 2 4 2 16 4
4 4 128 2 2 8 2 2 2 4 2 4 4
4 2 32 2 2 2 2 2 2 2 2 2 2
8 2 2 4 8 2 32 2 2 2 4 8 4
8 8 4 2 4 2 2 4 2 2 4 8 8
16 128 8 2 2 4 4 2 2 2 8 2 64
8 2 32 32 2 2 2 4 2 2 8 2 4
8 16 2 8 8 2 2 2 8 8 4 2 16
2 2 4 2 2 2 1024 4 4 2 8 2 4
4 4 4 4 4 2 2 32 2 2 2 4 16
8 4 2 2 8 2 2 2 4 4 4 4 2
3 43
2 2 4
4 2 8
4 2 2
2 1
2 4
4 4
2 44
4 2
2 8
1 31
4
