5
15 18
2 2 4 8 2 8 4 4 4 8 8 4 2 2 4
16 4 4 4 2 32 4 2 2 8 2 2 2 2 8
2 2 8 2 2 4 2 4 4 8 16 8 16 2 16
2 8 4 2 2 4 2 2 2 4 2 4 8 2 2
4 2 16 2 4 4 2 2 4 4 2 2 2 2 2
8 4 8 2 2 2 4 2 2 4 16 2 4 2 32
2 256 2 8 2 8 4 2 2 2 2 8 4 4 8
2 32 8 2 2 2 8 4 4 2 2 32 2 4 2
2 2 2 2 2 2 2 2 2 16 2 2 2 4 2
2 16 2 2 16 4 4 2 4 32 4 2 2 2 2
16 4 16 4 8 8 2 8 2 2 8 2 16 8 2
2 2 2 32 8 4 2 4 2 16 4 2 2 2 4
2 4 2 2 2 2 4 2 4 2 8 2 4 2 2
16 32 4 2 2 2 4 2 2 2 2 8 4 4 8
8 4 16 2 2 16 8 8 8 2 64 4 2 8 2
18 2
2 2 2 4 32 2 128 8 16 4 4 2 16 2 64 2 2 2
8 2 2 2 64 2 2 4 2 2 4 16 2 2 4 2 4 8
2 4 4 4 4 2 8 4 4 4 2 4 4 2 2 4 2 2
2 8 2 16 4 2 8 8 4 4 8 2 2 8 128 32 2 4
4 4 2 256 2 4 2 8 16 32 4 8 8 2 2 2 4 4
8 2 4 2 2 2 8 2 4 2 4 128 2 8 4 2 8 2
16 2 32 2 8 8 2 2 2 2 4 2 8 2 2 8 8 2
4 4 8 2 2 4 32 2 4 4 8 4 4 2 4 4 32 4
2 4 8 2 4 16 2 32 2 2 4 4 2 4 4 4 2 2
4 16 4 64 2 2 4 2 2 2 4 2 256 4 4 4 2 4
2 8 2 4 4 16 4 4 4 4 4 2 4 8 16 2 4 2
2 2 16 4 32 8 2 2 2 4 16 4 8 8 4 2 8 4
8 16 16 4 2 2 2 2 4 4 2 4 2 2 2 4 4 4
2 2 2 4 2 2 2 4 2 2 4 4 8 16 4 2 2 8
2 2 8 4 2 2 16 4 2 64 2 2 4 4 16 4 2 2
2 2 2 2 4 2 2 2 2 32 16 2 4 8 2 2 32 4
2 4 2 2 2 4 2 4 4 4 4 16 2 8 16 4 4 4
32 2 2 4 16 4 2 8 4 4 2 2 4 4 2 2 2 4
19 12
2 2 16 2 2 2 32 2 8 16 16 2 2 8 256 4 2 8 8
8 2 16 4 2 2 4 16 32 2 2 4 2 4 2 32 4 8 2
4 16 2 2 32 2 2 4 2 16 2 4 2 2 2 2 64 2 2
4 2 8 8 32 2 64 4 16 2 2 4 2 4 8 2 2 2 4
2 16 2 2 2 4 16 2 2 4 2 4 2 4 2 2 4 8 2
16 2 4 2 2 2 4 4 4 4 8 2 4 4 2 4 2 2 4
16 2 2 2 4 4 2 2 2 2 4 4 8 2 2 2 8 4 2
2 2 4 4 32 8 4 2 2 2 2 2 4 8 4 8 2 16 16
32 2 4 4 8 2 8 2 4 2 2 4 4 4 2 2 16 2 2
4 2 4 8 2 4 4 2 8 2 16 16 2 4 4 4 2 32 2
2 8 2 8 4 4 4 2 2 4 2 4 2 64 4 64 4 2 2
8 2 2 2 2 4 8 2 2 2 4 8 8 16 2 8 2 2 8
4 16 2 2 2 2 32 8 2 2 4 2 2 8 2 32 4 4 8
4 2 2 256 4 2 32 128 8 2 16 4 2 4 2 4 4 2 4
2 64 2 2 32 2 128 4 16 8 2 4 16 2 2 4 2 2 2
2 8 2 2 4 2 4 4 2 2 2 2 4 2 2 16 8 4 8
2 16 2 2 2 4 16 4 2 2 4 4 2 8 4 4 2 2 2
2 64 2 2 32 4 16 16 2 4 2 2 4 2 4 2 2 64 4
4 32 4 16 32 4 2 2 4 2 8 2 2 4 2 8 64 4 2
18 4
2 2 2 2 128 8 2 2 4 4 2 2 2 4 2048 2 2 2
2 128 4 8 2 8 8 4 2 2 2 4 4 8 4 2 4 32
2 16 4 8 4 2 2 2 2 4 2 8 2 4 2 8 16 2
4 128 1024 2 2 4 2 2 2 4 8 4 16 4 2 2 4 2
2 4 4 2 2 4 8 4 2 4 2 2 8 2 2 8 4 2
128 256 8 2 2 4 2 2 2 2 2 2 8 2 2 2 4 4
8 4 2 2 2 2 8 2 2 4 4 2 2 64 2 2 4 2
8 2 2 4 128 8 2 8 2 4 2 4 2 2 2 8 2 4
4 4 4 2 2 2 4 8 2 4 32 2 2 2 4 2 2 2
8 4 2 2 2 8 2 4 16 2 4 4 2 4 2 4 2 16
2 2 2 8 4 8 4 64 2 2 4 128 256 2 4 2 2 4
2 2 2 2 2 2 2 16 16 32 2 2 4 16 4 2 2 2
8 4 64 2 2 2 2 128 8 2 2 4 16 8 8 2 4 16
4 2 2 16 8 8 8 16 2 2 2 2 2 2 2 8 2 4
2 4 8 2 256 2 2 2 4 4 16 2 2 8 2 4 2 2
4 2 4 2 2 32 2 8 2 4 4 4 32 128 8 2 2 2
4 4 4 2 2 2 4 2 2 4 4 2 4 2 16 2 4 4
16 64 2 2 32 2 4 4 16 2 2 8 2 4 2 2 8 2
7 3
2 2 2 8 16 4 4
4 4 2 16 2 4 8
4 4 2 2 4 4 2
2 2 8 2 2 2 2
2 4 8 2 2 8 2
16 2 4 4 2 8 2
2 4 4 16 8 2 2
