100
6 13
2 2 2 8 4 2
2 4 0 2 2 4
2 8 128 2 8 2
4 4 2 8 8 4
0 2 4 2 8 8
0 2 4 2 8 2
20 34
4 2 0 0 2 2 2 4 2 0 8 2 0 0 0 8 8 2 8 8
16 4 0 0 8 0 0 2 2 2 4 32 16 4 0 2 2 4 2 16
2 2 2 4 2 2 0 2 0 4 8 32 4 4 2 4 8 2 4 2
16 16 0 4 2 2 8 2 0 2 16 2 4 0 2 32 2 2 4 0
2 4 4 2 4 4 16 2 4 64 2 2 8 2 2 4 2 8 2 2
4 16 256 2 8 2 2 0 2 2 0 4 2 4 8 2 2 2 0 2
2 0 2 4 2 2 2 4 4 0 4 16 2 2 8 0 2 0 8 0
4 32 2 0 2 2 2 2 2 0 2 2 2 2 2 4 4 8 0 4
2 2 4 0 8 2 2 2 2 2 4 2 4 16 0 2 32 2 0 2
32 2 2 4 2 0 0 16 0 16 0 2 2 4 0 4 2 4 2 0
0 2 2 32 2 2 2 2 2 0 4 2 4 8 4 8 4 2 2 4
0 4 4 4 2 2 4 2 4 2 4 0 2 4 2 16 2 4 8 0
2 4 4 2 2 2 2 2 2 32 2 32 4 2 4 2 8 4 2 2
16 2 2 2 2 2 2 0 16 2 2 2 2 2 4 0 2 2 2 2
0 16 2 2 8 0 2 2 0 2 0 2 0 4 4 4 2 4 2 4
8 0 4 2 2 2 8 4 2 0 2 4 32 4 4 8 2 4 4 2
2 2 2 4 0 4 8 2 0 0 4 2 0 8 8 2 16 2 4 2
0 8 2 2 0 4 0 4 2 2 0 2 2 2 2 2 2 8 2 4
2 8 2 4 4 2 2 0 0 2 2 16 2 0 8 2 2 2 2 2
4 2 0 4 2 2 0 2 2 8 8 16 2 2 2 2 8 4 64 4
19 50
4 16 0 2 2 2 2 4 2 2 2 2 2 2 8 4 2 4 8
2 4 8 0 128 0 8 0 2 4 2 2 8 2 8 2 2 2 2
2 0 2 4 0 8 8 8 2 8 2 4 4 32 0 2 2 32 4
4 0 2 4 0 0 2 2 4 0 2 2 2 4 0 8 2 2 4
4 2 0 0 2 2 2 2 2 16 2 4 8 4 2 0 0 2 0
0 0 2 8 64 16 2 8 4 2 2 2 4 0 0 4 2 4 2
2 4 2 2 64 2 32 4 4 0 4 16 2 8 2 2 16 16 2
8 0 32 2 0 2 0 2 16 2 32 2 4 2 2 0 8 4 2
4 2 2 2 2 16 2 0 2 2 2 4 2 2 8 4 2 4 4
2 8 2 2 2 8 2 2 0 16 8 8 2 8 256 2 0 2 8
2 0 2 2 16 16 0 2 16 0 2 2 2 2 2 0 2 16 2
4 4 2 4 0 0 2 4 0 2 2 4 4 4 2 2 4 4 2
4 4 4 8 8 0 8 2 2 2 8 4 4 2 0 2 8 4 2
2 4 0 0 0 2 8 64 4 8 2 16 4 0 2 2 8 2 2
2 4 2 2 4 2 0 0 0 0 8 2 32 2 2 16 8 2 64
0 2 0 16 2 8 4 8 2 8 0 16 2 2 8 2 2 2 0
2 2 2 2 0 0 0 0 0 8 0 2 16 4 4 2 2 2 2
0 0 4 2 2 4 4 8 2 2 0 2 0 2 4 2 2 8 0
8 4 0 2 2 2 8 4 2 4 0 2 4 0 2 2 2 4 2
4 13
256 8 2 0
2 0 2 16
4 8 2 2
0 0 2 2
9 21
2 0 16 2 2 4 8 8 2
16 0 2 0 2 4 16 2 2
4 2 2 4 4 4 2 16 4
2 8 0 0 4 2 2 2 4
2 2 2 0 4 2 0 4 4
2 2 2 0 2 4 0 8 2
2 16 8 4 2 2 0 4 8
2 2 2 2 0 8 4 0 4
0 0 8 2 4 8 4 4 2
20 22
0 2 2 2 8 4 2 2 4 2 8 2 0 0 2 2 2 4 16 8
0 2 2 64 2 2 0 0 0 128 2 64 0 8 2 4 2 0 0 4
4 2 2 8 8 2 2 256 8 0 2 32 2 2 0 16 2 2 4 4
2 2 2 2 0 8 32 4 2 0 0 2 4 4 32 2 0 2 4 8
4 32 2 2 0 2 2 2 4 2 2 2 0 8 2 2 2 2 2 2
2 2 8 2 8 0 0 2 0 2 4 4 0 2 2 2 0 0 0 4
64 2 2 0 2 0 8 8 2 0 8 16 4 2 2 4 16 16 2 4
2 2 8 0 2 2 2 4 2 64 8 16 128 2 4 0 16 2 2 2
0 0 2 8 2 4 2 4 2 2 8 2 2 2 2 4 4 2 2 2
2 4 8 2 0 2 2 2 2 0 2 2 4 2 8 8 2 2 2 4
2 2 2 2 2 2 0 4 32 2 4 4 16 2 4 8 0 4 2 32
2 4 4 2 2 4 4 2 4 0 2 2 4 2 2 4 32 4 4 4
2 4 4 8 8 4 4 0 1024 2 2 2 8 32 2 0 4 8 2 2
32 0 2 2 64 16 2 4 2 2 0 8 2 2 2 16 4 0 16 2
0 4 2 2 2 8 2 2 2 2 0 0 4 0 0 4 8 32 16 4
2 4 2 16 2 2 2 0 2 32 4 0 2 0 0 8 8 0 4 2
8 2 16 2 8 2 2 0 128 2 8 0 2 2 2 2 2 16 4 2
16 0 2 2 2 2 2 512 8 4 16 2 2 2 2 2 2 16 2 2
0 2 0 2 2 4 32 2 4 0 16 2 2 8 4 4 0 2 4 2
0 0 8 0 0 0 0 8 8 2 2 4 2 0 0 32 4 32 0 2
18 7
4 2 8 8 2 2 4 0 4 4 64 2 2 0 8 0 8 2
2 16 4 0 4 4 2 8 2 0 4 0 2 2 128 2 8 4
2 0 8 16 16 2 2 2 2 4 2 4 4 0 8 8 0 2
2 2 16 2 0 2 4 2 2 64 2 0 2 0 2 2 2 2
4 2 2 4 0 2 2 8 2 32 2 2 0 0 32 2 2 4
0 0 2 4 0 0 16 4 2 4 0 0 4 2 2 0 0 4
8 2 4 4 2 2 2 2 2 2 4 8 32 2 4 2 8 2
2 4 0 2 2 2 512 4 2 4 0 2 2 0 2 2 2 16
8 0 0 2 128 2 4 16 2 64 2 2 8 16 0 0 4 2
2 8 0 32 2 32 16 2 16 4 2 4 8 2 4 2 2 4
0 0 2 32 2 2 4 2 8 0 2 8 0 8 2 32 2 32
2 2 2 8 2 4 4 0 2 4 2 2 2 2 4 2 8 2
4 2 0 0 2 16 2 2 4 2 4 32 4 4 4 2 2 2
32 0 0 8 8 2 2 2 2 2 4 2 8 2 2 2 4 4
2 0 8 2 4 4 2 4 2 0 0 16 16 2 2 0 4 8
2 64 4 32 16 2 16 2 2 2 2 4 2 0 8 2 2 2
4 0 4 2 4 0 4 4 0 2 4 2 4 0 2 2 2 2
4 8 4 2 4 16 0 64 2 0 2 8 2 2 2 8 8 16
17 17
8 8 16 0 8 4 2 64 2 2 8 0 4 4 0 4 2
8 0 2 2 4 2 2 8 16 2 2 2 4 0 8 0 2
2 8 4 4 0 32 8 16 4 4 2 2 8 4 2 0 2
2 0 0 8 8 16 16 2 2 4 4 4 0 2 2 2 16
2 2 2 2 16 2 2 4 4 0 32 4 2 4 4 16 0
2 4 2 2 2 2 8 2 16 0 2 2 0 2 4 8 2
2 0 0 2 0 2 0 2 2 16 2 2 8 2 8 0 4
2 0 4 4 2 8 8 2 4 2 4 8 0 2 4 0 2
4 2 2 2 16 0 4 2 0 2 0 2 2 8 2 2 2
2 256 2 8 4 4 2 2 2 64 4 16 2 4 4 2 2
128 16 8 4 4 0 4 2 2 2 4 2 2 2 4 8 2
2 32 16 2 2 8 2 4 8 8 2 8 2 4 2 2 2
2 4 2 2 4 8 0 8 2 2 4 2 4 4 4 2 2
16 2 8 2 16 4 8 16 4 4 2 1024 4 4 2 2 2
4 8 16 8 32 2 0 4 2 0 8 64 2 2 2 2 2
8 2 0 0 4 64 2 4 256 8 4 16 2 4 2 4 16
4 2 8 2 2 2 2 2 4 4 256 32 8 8 2 32 4
16 39
4 2 0 2 4 256 16 8 2 8 4 16 32 0 2 2
4 2 8 2 0 64 2 0 0 2 2 8 2 8 2 2
8 64 2 4 64 2 0 2 2 2 2 4 4 2 2 2
8 8 0 0 4 8 128 2 0 8 0 16 2 2 16 4
2 4 4 16 8 2 2 8 0 2 8 2 8 4 2 8
0 2 4 4 2 8 4 2 4 0 64 4 4 4 0 4
4 16 0 8 2 4 4 4 2 2 16 0 0 8 2 4
8 4 0 8 16 2 2 4 0 16 4 8 64 4 1024 0
8 2 8 0 0 2 2 32 2 4 0 2 8 4 0 4
2 0 2 256 2 8 256 4 2 8 8 128 2 16 2 2
8 8 2 32 8 2 4 2 4 32 2 16 0 2 0 2
2 8 2 2 16 2 0 0 4 0 8 0 2 2 2 4
2 2 0 0 0 4 16 16 0 0 1024 2 0 2 2 2
2 2 2 2 2 2 2 2 2 4 2 2 0 32 0 4
2 16 2 2 16 2 2 8 0 2 0 0 4 32 32 4
4 32 64 2 2 4 128 2 4 4 2 4 4 2 2 0
14 23
0 2 4 4 2 2 2 2 0 16 8 0 4 16
0 0 0 0 2 0 2 8 4 2 2 1024 4 16
2 2 2 16 2 0 16 2 2 0 2 32 2 0
2 2 2 2 4 16 0 0 2 0 2 4 2 8
4 2 2 4 4 0 2 0 2 2 2 2 2 2
2 0 4 2 4 4 64 0 2 0 0 4 2 2
0 32 4 2 0 8 2 2 2 16 16 2 0 2
2 0 2 32 4 2 2 4 2 0 2 2 4 2
2 2 2 2 32 0 16 16 8 2 0 0 64 8
16 8 8 2 2 16 4 0 16 8 0 4 8 4
2 4 2 2 8 4 32 16 0 2 2 0 2 4
0 0 8 4 0 8 2 4 4 2 0 2 2 2
0 4 2 2 2 4 2 0 0 2 8 16 4 8
2 0 8 0 2 4 4 2 4 4 2 2 0 16
15 22
2 2 16 4 4 2 2 0 8 0 0 4 8 2 4
2 2 2 4 4 0 4 8 4 2 4 2 2 0 2
2 4 4 2 0 2 32 16 8 4 64 0 0 256 16
8 2 2 2 2 2 8 2 4 16 0 4 4 8 4
2 0 2 2 2 8 2 8 2 2 4 4 2 2 0
2 4 8 4 2 2 512 2 4 2 0 4 2 16 2
2 0 2 4 2 8 2 2 0 4 0 2 4 2 0
2 4 2 0 0 2 2 0 0 16 2 64 4 2 0
0 2 2 4 4 2 2 0 2 2 2 16 0 2 512
0 2 0 2 4 0 4 2 2 2 4 2 4 32 0
2 32 2 2 4 2 2 0 2 0 2 4 2 2 4
4 4 0 0 2 2 0 2 2 2 0 2 2 2 4
2 4 2 2 2 2 4 8 2 2 2 0 4 2 0
4 8 8 2 2 2 4 4 2 32 2 4 2 8 2
0 2 4 16 0 0 4 2 2 4 0 2 2 8 0
4 11
0 2 2 2
4 2 2 2
2 4 2 4
2 2 2 8
9 20
4 2 4 256 0 4 2 4 0
32 16 2 4 4 2 2 2 32
2 64 2 2 2 0 2 8 2
16 2 4 2 2 2 0 8 4
0 4 2 2 2 2 2 2 2
0 4 2 2 4 0 2 2 8
2 2 2 4 8 4 2 8 16
16 0 32 4 4 4 0 0 4
256 4 2 32 2 2 0 4 32
15 41
4 8 2 2 0 0 2 0 0 2 2 2 64 16 0
8 2 0 8 4 2 2 32 4 0 2 2 0 2 16
8 8 8 16 0 8 8 0 32 16 2 16 2 2 0
16 0 16 2 0 0 2 2 8 4 0 2 4 4 4
2 0 0 2 8 256 2 2 2 2 4 2 2 2 2
4 0 4 32 0 8 2 2 8 2 8 2 0 2 2
4 2 0 4 4 8 32 8 2 0 8 0 0 16 2
2 2 2 2 2 2 2 8 2 2 64 2 2 0 4
2 2 0 2 2 4 32 2 0 0 0 32 16 16 32
16 4 2 64 2 2 0 2 2 64 4 2 2 4 2
2 2 2 2 32 2 8 4 2 4 0 16 4 0 32
16 2 2 2 0 8 16 0 8 8 2 2 2 4 2
4 32 0 2 8 8 2 0 4 2 2 32 2 2 4
2 16 2 4 2 4 2 0 0 2 2 0 4 512 0
2 16 0 4 2 2 0 4 0 4 8 0 2 32 2
11 14
2 2 2 4 2 8 4 2 4 0 4
0 2 2 2 4 2 0 4 4 2 2
8 8 4 2 0 2 2 2 8 0 4
8 32 2 128 2 2 4 4 0 4 4
16 8 2 2 2 2 2 2 2 16 4
2 4 2 64 0 2 16 2 2 8 32
2 8 0 2 2 4 8 2 2 2 32
8 32 2 2 8 2 4 2 0 2 2
16 128 4 2 4 0 2 0 0 4 2
2 2 2 0 2 4 128 2 4 2 512
4 4 2 16 0 2 4 2 2 2 512
10 24
2 8 2 2 8 2 8 4 0 2
4 4 2 0 0 32 0 0 4 16
2 2 0 4 32 256 0 4 4 2
2 8 16 4 2 8 2 2 2 2
0 2 16 4 2 2 4 2 16 2
2 4 32 4 2 32 8 8 2 0
2 2 2 0 16 8 2 4 4 0
4 2 2 8 16 4 4 2 2 2
4 0 8 8 8 2 16 0 2 0
0 2 2 2 2 4 2 4 128 2
19 48
4 4 2 4 4 4 0 2 4 0 0 4 8 0 2 2 2 2 0
2 2 2 4 8 2 0 0 2 4 2 2 0 0 2 8 0 2 2
4 2 2 8 8 8 2 8 2 4 4 2 4 2 16 0 4 2 2
2 16 2 8 2 16 0 2 2 2 8 4 16 2 8 2 2 4 2
8 0 0 0 2 0 2 4 2 8 0 2 2 256 2 0 4 0 8
2 2 0 16 2 2 2 8 16 8 2 0 2 2 2 4 8 2 2
8 0 2 2 2 2 4 0 0 2 4 16 0 2 2 0 64 0 8
0 0 2 2 0 4 2 4 2 2 0 4 2 8 0 4 128 2 2
2 4 4 2 2 8 8 2 16 2 4 0 2 2 2 4 2 2 8
0 0 4 2 2 2 4 2 2 16 2 4 2 2 2 2 256 4 256
2 2 0 2 8 2 0 4 4 4 4 2 32 16 2 2 2 128 2
128 0 4 0 2 8 4 8 2 4 4 0 0 0 2 0 4 4 2
0 256 4 0 4 0 8 0 0 2 4 2 2 0 0 4 8 4 0
2 4 2 4 8 0 0 0 8 2 2 2 2 0 16 2 2 64 8
0 2 2 2 2 2 0 2 2 2 2 0 4 2 0 8 2 2 2
4 0 4 2 0 4 8 4 8 0 4 2 2 4 0 4 2 8 4
2 2 2 2 2 0 2 2 4 0 0 2 2 2 2 16 2 4 2
0 2 0 8 2 2 16 4 0 2 4 16 4 2 8 64 2 2 0
2 4 0 32 16 2 0 2 4 2 2 16 2 2 2 8 0 8 8
2 14
4 4
4 2
5 34
16 0 2 16 2
16 8 0 2 2
2 32 2 0 32
2 2 8 0 2
2 16 2 0 4
6 42
2 2 16 4 0 2
16 4 16 2 0 0
0 2 64 2 2 2
4 2 8 4 2 2
8 4 8 16 2 2
2 2 2 2 2 8
18 47
16 4 2 4 2 2 32 4 4 2 2 2 0 2 8 2 4 4
4 2 0 2 8 2 8 4 4 2 4 0 2 2 2 2 64 4
0 2 4 4 4 64 2 2 2 0 4 2 2 0 2 2 2 2
2 2 2 0 4 2 2 2 4 0 0 4 4 64 2 2 2 4
16 4 4 8 2 64 4 8 2 4 4 0 2 2 2 16 2 8
2 4 0 4 4 0 2 2 8 2 2 2 0 256 4 2 2 2
4 0 4 2 2 4 2 2 16 2 0 2 64 64 4 2 16 4
4 2 4 2 8 4 4 0 0 4 2 2 4 0 2 2 4 0
2 256 0 32 2 0 2048 8 2 2 8 2 2 2 4 2 4 8
2 0 4 0 4 16 2 2 2 8 2 2 0 2 2 4 4 2
4 4 4 16 4 0 2 2 2 4 2 0 2 8 4 0 0 16
8 4 2 0 2 2 0 4 2 2 0 2 4 4 0 2 2 32
0 2 2 4 2 0 16 2 2 2 2 2 2 4 2 0 4 2
2 16 2 2 4 16 4 4 4 16 2 2 4 16 8 4 64 2
0 0 2 8 2 4 2 4 4 8 8 0 4 512 0 8 2 0
4 4 2 4 32 2 4 64 8 2 2 2 2 2 2 2 8 0
8 4 64 2 32 2 16 0 4 0 4 4 8 2 2 2 2 4
2 2 2 2 2 0 8 4 0 128 2 4 2 2 4 32 2 0
15 39
2 2 2 16 2 2 8 4 2 64 2 2 2 2 2
0 0 2 2 4 2 8 2 2 8 2 2 2 4 4
2 8 4 2 0 4 0 8 16 2 8 0 16 8 2
2 0 4 4 2 2 2 2 2 2 4 2 8 2 0
256 0 8 8 2 8 2 2 8 2 16 32 2 2 0
2 4 2 2 2 16 0 2 2 2 8 4 4 2 4
0 16 2 4 2 2 8 4 0 2 2 4 2 64 4
8 16 4 0 2 16 4 16 2 0 32 2 0 8 4
2 4 32 2 64 2 4 4 4 4 4 8 2 2 8
8 4 2 64 4 0 4 2 2 0 2 2 2 2 0
2 8 2 4 2 2 2 0 8 2 2 2 4 2 0
4 2 8 8 64 2 2 0 4 4 2 0 16 2 2
2 4 0 4 16 2 0 2 2 4 2 0 4 2 2
4 0 8 8 2 2 2 2 8 2 4 8 4 2 0
2 2 8 4 2 2 8 2 4 4 4 0 2 2 8
20 49
8 4 0 2 0 2 2 4 4 16 2 8 2 2 4 16 2 4 2 4
2 4 0 4 0 4 0 2 2 2 2 1024 2 2 2 2 4 2 0 2
8 2 4 4 4 4 2 4 2 2 4 2 4 0 32 2 8 8 4 8
2 4 2 0 8 2 2 2 2 4 2 4 2 4 2 2 2 2 2 2
4 2 2 8 2 0 2 4 2 2 0 2 2 32 64 2 4 4 0 2
64 4 0 2 2 2 4 2 32 8 4 128 16 2 2 2 4 32 8 4
8 2 0 2 2 4 2 2 2 16 512 2 2 2 2 2 0 2 2 0
2 2 2 4 2 16 0 2 1024 16 4 2 64 4 4 2 0 0 4 2
2 2 4 4 2 2 0 4 16 16 0 4 8 4 4 16 2 4 4 2
2 0 8 8 2 16 2 8 2 16 2 0 4 4 2 0 4 16 4 0
4 8 8 4 0 4 2 4 2 8 2 8 2 0 4 4 2 2 4 0
8 128 2 4 2 0 32 0 2 2 2 4 4 2 128 2 4 2 0 4
2 16 0 8 8 2 2 0 2 8 4 2 8 2 2 2 4 4 2 16
4 2 2 2 2 2 2 16 8 8 4 2 0 2 0 4 2 2 2 2
0 2 8 16 2 0 0 2 4 256 2 2 2 4 8 4 32 8 0 4
2 0 8 2 8 32 2 0 4 2 2 64 0 0 0 8 4 8 8 0
0 0 2 32 0 2 2 128 2 8 0 16 2 2 4 2 2 4 0 0
2 2 2 2 64 4 0 16 2 32 0 0 0 4 2 2 0 2 4 4
2 32 0 2 16 2 2 4 2 8 16 2 2 4 4 4 2 8 0 4
0 0 4 0 0 2 2 2 2 8 4 4 4 2 2 16 2 4 4 2
2 12
4 128
0 2
17 35
8 2 0 0 0 8 4 8 32 4 2 4 2 2 2 4 0
2 4 8 2 2 0 2 2 8 2 0 4 2 2 0 0 2
2 2 2 2 2 8 2 4 0 4 16 0 2 64 2 2 2
32 2 2 2 4 0 2 2 2 8 2 2 2 2 4 2 0
2 0 4 4 16 4 0 64 2 2 2 2 4 2 8 4 2
8 2 2 2 64 0 2 2 2 2 2 0 8 4 2 2 2
2 2 0 2 2 2 2 32 8 32 4 2 2 2 4 4 8
2 0 2 2 4 8 2 2 2 16 2 4 2 2 0 4 2
0 32 2 0 0 0 8 8 4 4 2 16 0 0 4 4 2
2 2 4 16 2 16 2 2 16 8 4 2 8 0 0 16 2
2 16 8 32 2 0 4 2 2 2 0 4 2 4 32 4 4
8 512 2 128 2 2 4 4 4 2 8 16 2 2 2 64 8
2 2 4 4 8 4 2 2 0 2 16 0 16 0 2 2 2
32 0 2 2 16 32 2 2 0 2 32 2 2 8 2 2 2
2 0 2 32 2 2 0 8 0 2 8 4 4 4 2 2 0
32 8 2 2 4 4 2 2 8 8 4 2 0 16 2 2 2
0 2 0 16 2 2 2 2 8 2 0 2 32 4 2 8 4
5 20
1024 2 4 8 8
0 64 2 16 16
2 4 4 0 4
4 0 8 4 2
2 4 4 2 2
16 45
2 2 0 2 8 2 32 2 0 16 2 4 4 4 8 0
4 2 2 8 4 32 4 8 8 8 2 4 16 4 2 2
2 2 2 2 64 4 2 2 4 2 2 2 2 16 2 2
4 4 8 8 2 4 2 0 2 2 0 2 16 4 2 4
2 8 4 2 2 2 16 2 128 2 2 2 2 0 2 4
16 16 32 8 0 8 4 2 2 2 64 8 8 0 4 4
2 0 2 4 2 2 8 4 4 2 2 0 4 2 8 0
4 4 0 32 0 4 0 4 2 4 2 4 32 2 0 0
4 2 2 0 2 2 4 8 4 2 0 2 4 4 2 2
2 2 32 32 4 2 0 2 2 2 4 2 2 0 2 2
2 0 2 8 8 2 4 16 2 8 2 2 8 4 2 2
2 4 2 2 2 8 0 2 0 4 0 4 4 2 8 2
2 4 2 2 4 2 16 2 2 2 0 2 8 16 4 2
2 2 2 2 2 2 8 2 0 2 8 16 2 2 2 2
2 2 8 4 2 0 2 16 2 2 2 2 2 4 8 32
0 2 0 2 1024 4 4 2 2 32 2 4 8 0 4 4
19 46
2 2 2 2 8 0 2 2 8 0 0 2 4 2 2 4 2 32 0
2 4 0 0 4 2 2 4 16 4 4 2 0 2 4 2 0 2 64
16 2 2 0 4 2 4 2 4 16 2 2 8 4 4 2 2 4 0
2 2 16 32 0 16 8 0 4 0 4 0 2 2 4 2 2 8 0
16 16 8 4 4 64 2 8 0 2 2 0 4 2 4 0 8 0 2
2 32 8 2 0 0 2 2 4 2 16 4 2 2 8 2 0 4 2
4 2 0 2 4 4 4 0 4 0 2 4 16 2 2 16 32 2 4
4 8 8 8 32 4 0 2 4 2 0 2 4 2 0 2 2 4 0
2 8 4 2 4 2 2 2 8 4 4 8 2 2 2 2 0 32 0
2 2 0 512 0 2 32 4 2 4 0 2 2 0 8 2 8 0 16
8 8 2 2 2 0 0 2 4 4 0 4 2 32 4 2 16 2 2
2 2 2 2 4 4 8 2 2 2 2 2 2 8 2 2 2 2 4
4 0 4 8 4 8 4 4 2 0 0 2 0 4 4 8 0 0 2
4 2 8 0 256 2 16 2 2 0 2 32 8 4 2 4 2 2 64
2 2 0 2 2 0 0 4 0 2 16 4 16 8 4 0 4 0 0
4 2 2 2 0 4 8 8 4 16 2 4 2 0 4 2 2 2 2
256 2 4 16 2 16 4 2 16 2 16 4 4 2 16 4 8 2 4
2 4 0 0 2 2 128 0 0 16 4 2 2 4 0 2 16 2 32
8 2 2 4 0 2 2 4 2 8 0 4 4 0 2 2 2 2 8
1 11
2
4 16
4 2 2 2
4 2 2 2
4 2 256 8
0 0 4 2
6 15
8 2 0 16 2 2
2 0 0 16 0 2
32 2 0 0 8 64
8 2 2 32 4 0
64 2 2 4 2 0
64 4 4 2 2 2
19 45
2 4 2 2 128 32 2 2 8 2 2 4 0 16 2 0 4 16 4
2 2 2 2 4 16 4 16 4 16 2 2 128 4 2 0 32 32 4
4 4 8 4 0 4 2 2 0 0 64 0 64 2 16 2 4 8 2
0 0 0 2 4 16 16 0 2 4 4 2 2 32 4 2 64 4 0
0 0 2 8 2 32 2 8 16 2 16 0 8 4 8 0 2 2 16
16 2 2 2 8 4 2 0 2 2 2 2 8 0 0 32 0 2 8
8 0 128 2 2 8 2 2 2 4 2 2 0 2 2 4 0 8 0
0 2 2 2 16 8 2 2 4 2 8 0 2 0 4 4 0 8 2
2 0 8 2 2 2 4 2 8 2 4 4 4 2 8 2 2 2 2
2 2 0 2 4 2 2 2 2 8 2 2 4 2 4 2 0 2 2
2 32 32 2 8 2 128 8 4 8 2 2 2 4 32 16 4 64 4
4 4 2 16 0 0 8 8 2 2 0 4 2 2 2 8 2 8 0
2 0 0 8 4 2 2 4 16 4 4 0 0 0 4 2 0 0 4
0 2 4 2 2 2 2 0 2 4 2 0 0 2 4 4 2 4 2
0 16 32 2 2 2 2 4 4 2 4 4 4 2 8 0 4 8 8
2 2 0 4 2 16 2 2 2 4 0 64 4 0 4 4 2 0 0
2 2 8 2 0 32 0 2 16 4 2 2 0 32 16 4 0 2 2
2 8 2 2 2 4 0 0 4 2 8 4 4 4 4 4 2 4 2
32 2 0 0 0 2 2 4 16 0 0 4 4 8 4 16 4 2 8
18 44
2 2 8 4 2 4 2 16 4 2 2 2 0 2 2 2 2 8
16 2 0 64 2 8 4 2 4 8 2 4 4 16 0 8 16 2
2 16 4 8 8 0 4 8 8 2 2 4 4 2 2 2 16 0
8 2 4 0 0 4 2 2 2 2 64 8 2 0 4 0 2 4
2 32 2 2 0 2 2 8 2 2 2 32 0 2 4 8 0 0
2 2 2 8 0 4 4 2 4 2 4 2 1024 2 16 0 8 0
2 2 8 2 4 16 64 2 4 4 0 4 16 16 4 2 8 0
0 0 8 8 4 2 2 64 8 16 2 2 4 4 4 2 2 0
0 0 32 2 0 16 2 2 4 2 4 2 4 2 0 8 16 2
8 2 2 0 4 2 4 2 0 0 16 2 4 2 128 8 2 2
0 2 2 2 2 0 8 0 2 2 4 2 4 2 4 4 4 0
16 2 2 64 16 2 4 4 2 2 2 2 2 2 0 2 0 2
16 2 0 4 4 0 2 2 0 64 2 2 4 64 2 2 4 2
16 4 2 2 2 4 4 0 2 64 4 0 4 0 4 0 2 2
2 2 2 2 2 0 4 8 4 2 2 4 0 2 4 8 0 2
2 2 2 0 0 2 4 2 8 2 2 2 2 2 8 4 8 0
0 4 2 4 2 16 4 2 2 2 128 0 2 2 4 4 16 2
16 2 0 2 2 2 2 4 0 16 2 2 2 4 2 16 16 8
7 18
4 2 0 4 0 2 2
0 2 4 8 0 8 8
4 4 4 8 2 2 2
4 0 8 2 2 2 2
2 0 0 2 2 0 4
2 4 0 8 0 4 2
0 0 8 4 2 2 2
19 26
2 16 4 8 32 4 2048 2 2 2 0 2 4 0 2 2 4 2 0
2 4 4 2 2 64 4 4 2 0 0 2 0 0 2 2 2 4 2
4 4 2 8 2 4 2 4 2 2 2 2 2 0 2 0 8 2 2
2 0 8 4 2 0 32 2 4 128 128 2 0 2 8 16 4 16 8
0 128 4 4 2 2 32 4 16 8 16 0 2 8 16 2 2 2 4
0 2 0 0 128 8 0 8 4 0 0 4 2 8 0 4 2 4 2
32 2 2 16 16 2 4 4 2 0 4 32 4 4 64 8 4 2 2
2 8 2 0 2 0 2 2 8 16 2 8 32 0 2 4 4 8 2
0 2 0 2 4 32 2 2 64 2 2 2 4 2 8 4 0 4 2
2 4 64 0 2 0 4 4 4 2 4 2 8 2 2 2 2 2 2
2 8 2 4 512 4 2 2 2 2 4 2 2 8 2 2 2 2 8
4 8 2 4 2 2 2 4 8 0 8 2 4 2 2 4 2 8 64
4 0 0 2 2 0 16 8 8 2 4 2 2 2 4 4 8 2 2
8 8 0 16 2 4 2 8 2 4 2 0 0 2 2 2 0 8 2
2 4 16 2 128 2 2 8 2 2 8 2 2 2 16 2 8 2 0
2 0 0 0 2 2 4 0 8 0 4 4 2 2 32 2 4 2 0
4 8 4 4 4 8 8 2 4 16 4 2 2 2 2 2 0 4 0
0 0 2 2 0 8 4 2 4 0 2 2 8 16 16 2 2 64 0
0 16 2 2 16 2 2 2 4 64 2 8 0 2 2 0 8 4 0
4 11
2 2 2 128
2 8 4 2
4 2 2 2
4 8 8 8
14 37
4 2 2 2 4 8 2 16 8 4 4 4 8 2
2 2 8 0 2 2 2 4 2 2 2 0 8 0
0 2 2 2 2 8 2 4 2 0 2 2 0 4
2 2 2 2 8 64 16 2 2 0 4 2 32 8
2 4 2 4 2 8 2 16 2 4 2 0 2 8
2 2 0 2 2 4 4 8 4 4 0 2 16 2
0 0 8 16 4 8 2 4 2 4 4 2 4 8
0 2 8 2 4 32 2 2 4 2 0 0 4 8
0 8 0 2 2 2 2 8 2 8 0 4 2 2
4 2 16 2 4 4 2 4 4 4 2 0 4 8
8 16 16 128 4 4 4 2 2 8 4 0 4 128
0 8 128 4 2 16 2 2 2 2 4 0 2 0
8 4 4 4 2 4 4 2 2 32 16 2 2 4
16 4 64 0 2 0 0 2 16 32 64 0 2 2
20 45
8 0 2 2 0 2 4 0 2 2 0 2 16 4 0 0 4 64 2 4
4 4 2 4 2 8 0 4 4 4 0 0 4 4 16 0 0 0 2 2
2 0 16 4 4 2 8 0 16 16 2 8 0 16 8 4 2 4 2 4
4 2 2 2 2 4 8 2 4 32 0 2 2 2 2 16 4 16 16 2
8 2 2 4 4 256 8 16 4 0 8 2 4 4 0 32 0 2 4 8
0 16 2 0 0 0 2 2 4 2 2 4 2 0 8 4 2 2 2 2
4 4 2 0 2 2 2 2 0 8 128 0 2 0 2 0 0 4 2 16
16 2 4 2 2 4 2 16 0 2 128 64 8 256 2 0 2 16 2 4
2 4 4 2 0 2 2 0 2 8 2 2 2 2 0 2 2 2 2 16
32 2 0 2 2 2 2 32 4 2 16 16 2 2 16 8 2 2 32 0
2 2 2 4 2 4 4 4 0 2 4 128 2 4 0 2 0 32 4 2
4 0 2 2 4 2 2 2 32 2 0 2 2 256 4 8 16 2 2 2
2 2 2 2 2 8 4 32 4 2 2 2 4 16 4 4 16 2 4 0
4 32 2 4 4 0 2 4 4 8 2 16 2 2 2 2 0 4 2 2
2 32 4 4 2 8 2048 2 2 0 2 4 16 8 8 4 0 2 2 2
4 0 2 0 8 8 0 4 4 2 4 4 0 8 4 16 64 2 0 4
2 32 4 4 2 0 32 2 8 0 2 2 4 8 2 2 2 2 2 4
2 2 4 8 2 4 0 8 2 2 16 64 2 2 2 2 8 2 2 2
2 2 64 0 2 2 4 4 2 2 4 2 2 0 128 2 2 4 4 4
2 2 2 2 2 2 0 8 2 4 2 2 2 4 8 2 2 4 8 4
10 26
4 2 2 0 4 2 2 8 0 4
2 2 2 8 2 4 8 4 2 2
8 0 0 4 4 8 0 4 2 8
2 8 2 0 32 8 2 0 4 2
0 4 0 2 2 2 2 0 8 8
2 8 2 0 16 16 2 0 0 2
2 2 4 0 2 0 4 4 8 0
2 2 2 0 2 2 8 2 0 0
16 0 2 8 2 16 8 0 4 2
2 2 4 16 2 8 2 0 0 0
10 24
4 2 2 4 2 4 0 4 4 2
2 2 4 2 2 4 64 4 0 16
8 8 16 2 2 2 2 2 2 2
8 0 0 8 4 0 2 4 2 2
2 0 4 4 2 2 0 2 2 8
0 4 4 4 0 2 16 2 2 4
4 0 8 4 2 0 2 2 0 16
0 0 32 2 4 16 0 4 2 4
32 2 0 2 0 2 4 4 2 2
2 2 4 0 2 4 2 2 2 16
11 30
2 0 4 4 8 2 0 2 2 4 4
2 2 2 2 8 2 2 4 0 4 8
2 2 2 4 2 0 2 2 64 2 4
2 4 4 4 2 0 64 0 2 16 64
0 16 0 2 4 2 4 4 16 32 2
4 0 8 2 2 8 2 2 32 2 2
2 16 4 4 4 0 2 4 16 0 16
8 2 4 4 128 0 2 16 4 4 2
2 64 4 4 2 2 4 32 16 2 8
2 8 0 0 16 2 2 8 4 8 32
2 2 2 32 2 4 4 4 2 16 2
5 5
2 4 2 2 2
2 4 2 16 2
2 2 2 16 2
2 0 0 4 2
0 8 2 2 2
19 49
2 16 2 8 0 2 4 0 2 0 8 4 2 2 2 4 4 2 2
8 2 8 8 2 2 0 0 4 2 2 0 4 4 4 2 0 8 4
2 2 4 0 4 2 2 0 4 0 8 8 4 2 4 64 2 0 4
8 2 4 2 4 2 2 2 0 2 4 2 4 2 2 4 8 2 8
8 2 16 2 2 2 2 2 0 4 0 8 2 2 2 0 4 4 0
64 8 2 64 0 4 0 4 8 2 4 4 4 32 2 256 4 32 0
2 0 2 4 32 64 2 0 2 2 2 4 2 2 2 8 4 8 8
2 128 8 2 2 0 2 4 16 8 4 2 32 2 2 2 256 2 2
0 16 2 2 2 4 4 2 4 0 8 2 0 128 2 2 4 32 64
4 2 2 2 4 2 0 0 2 2 0 2 0 2 2 2 4 0 2
4 4 2 0 2 64 0 0 2 4 4 4 8 0 2 4 4 4 8
2 2 2 8 2 8 16 2 2 2 4 16 8 0 2 4 2 2 4
2 0 2 2 4 2 2 4 0 4 8 16 8 2 8 2 0 0 0
0 2 2 4 0 32 16 4 2 4 2 2 32 4 0 8 2 0 0
4 4 0 2 4 0 2 4 0 2 4 4 16 4 2 2 2 2 4
2 4 4 8 2 2 8 4 256 2 4 8 2 16 2 2 4 2 4
0 128 8 2 2 2 2 4 2 4 2 0 4 0 2 8 8 8 64
4 32 4 8 0 8 2 2 2 4 2 4 0 8 8 4 0 0 2
32 2 4 2 2 2 2 0 2 2 16 2 8 2 2 2 8 64 2
18 47
2 2 4 4 2 4 2 2 2 16 4 2 0 2 2 8 8 8
2 2 4 8 2 2 8 2 2 8 2 16 8 4 4 0 8 2
8 64 4 4 2 8 8 8 2 2 8 0 4 4 4 2 2 0
0 8 4 4 2 2 4 4 8 4 2 0 2 32 0 2 16 0
16 2 2 0 2 2 4 8 0 4 4 2 2 0 4 4 4 0
4 8 0 0 2 2 0 8 4 2 4 8 2 16 2 2 8 8
8 0 2 4 2 2 4 2 8 2 4 2 4 4 2 0 2 2
2 4 2 8 2 8 2 4 8 4 2 2 4 2 2 8 2 16
2 4 64 4 8 2 2 2 4 8 4 2 4 8 8 2 8 0
2 4 2 2 8 2 2 2 4 0 2 0 0 2 4 256 2 2
16 2 2 16 8 2 0 2 8 0 2 4 2 2 2 0 2 2
2 16 2 2 2 2 4 2 2 2 2 0 4 0 2 4 2 0
2 2 0 2 4 4 2 16 16 32 0 8 4 2 16 2 0 2
64 0 2 2 8 0 2 8 128 2 2 0 2 2 0 2 2 16
0 2 0 2 4 4 2 4 8 4 2 256 32 4 0 2 2 2
4 2 0 16 16 16 2 0 16 0 4 2 2 4 2 2 4 64
2 4 2 4 4 8 2 2 0 2048 4 16 2 0 8 16 0 0
4 4 8 2 2 256 2 2 2 2 4 2 4 4 2 8 2 2
17 45
4 4 4 2 4 0 0 2 0 8 2 8 4 2 2 2 0
8 2 0 0 2 16 0 2 16 2 2 8 2 4 4 2 16
8 2 0 0 2 2 8 8 128 2 4 0 4 8 2 2 8
4 2 2 0 2 8 16 2 4 8 2 4 8 8 2 8 2
2 2 0 2 8 64 4 2 4 2 2 0 8 16 4 8 256
2 2 4 2 2 16 0 2 16 64 2 2 0 0 2 4 2
0 2 0 4 4 4 2 8 2 0 4 8 8 4 8 4 4
4 2 16 2 2 0 0 2 2 0 0 2 8 2 0 2 2
32 4 2 0 4 8 2 16 0 4 4 16 2 8 64 4 2
8 4 2 2 4 0 0 64 8 4 2 8 2 0 4 2 4
4 4 4 0 2 0 8 8 32 8 2 2 4 0 4 4 2
2 2 0 2 16 4 4 2 4 4 2 2 16 2 2 32 4
2 2 0 2 2 2 2 4 8 8 8 2 0 16 4 4 4
64 2 256 2 4 4 4 2 2 0 0 2 16 0 2 8 2
16 4 2 4 4 2 2 4 4 4 32 2 0 0 16 4 2
2 2 2 8 2 2 2 2 4 8 2 4 32 4 2 2 2
16 16 4 2 8 8 0 4 4 2 2 16 8 2 0 0 2
11 31
0 8 2 2 4 16 2 2 2 2 4
0 64 8 2 2 256 2 8 4 16 4
2 2 4 4 8 2 8 4 8 8 2
4 4 2 2 0 8 2 8 0 8 2
4 2 4 4 2 4 2 2 2 16 8
2 2 0 2 2 2 4 2 4 0 8
16 2 4 0 0 2 4 0 2 0 4
2 4 4 2 2 2 2 2 2 4 32
4 0 8 4 4 8 2 2 2 2 8
2 0 2 2 8 2 2 4 2 4 4
4 2 16 2 0 2 2 0 8 2 2
12 30
4 2 2 8 4 0 2 2 0 8 2 4
8 2 0 0 8 2 2 256 0 2 2 0
2 4 8 0 4 2 16 4 4 2 4 2
2 8 0 0 4 2 4 2 16 0 0 2
2 64 2 0 2 64 2 4 4 8 2 2
2 2 4 16 8 2 2 2 2 0 4 0
64 8 4 4 4 4 2 8 0 2 16 8
2 8 4 16 0 4 8 0 16 2 4 4
2 16 2 2 8 8 8 4 4 4 2 2
2 2 8 2 0 0 2 2 8 0 4 0
2 4 2 32 0 2 2 2 0 8 0 2
8 0 2 2 2 2 4 2 4 0 8 2
16 20
2 2 2 2 4 4 2 2 2 2 2 0 4 2 0 8
2 2 2 2 128 2 0 2 4 2 32 8 0 2 4 2
16 4 8 2 2 4 2 4 2 16 0 2 2 2 2 8
0 64 2 32 2 8 4 2 4 4 4 64 4 2 16 2
2 2 2 2 32 8 2 4 2 2 2 32 2 0 2 2
4 4 2 8 2 2 2 2 4 8 2 4 2 0 4 4
2 16 0 32 2 2 2 16 0 8 8 4 0 32 16 0
4 64 4 4 16 128 4 2 2 0 2 32 2 4 2 0
8 0 2 4 2 16 4 2 2 0 0 0 2 2 4 0
4 32 2 0 32 2 2 2 8 128 2 8 2 8 4 32
2 2 4 2 8 8 2 2 16 0 4 4 0 0 2 2
0 4 0 0 2 4 8 4 2 4 16 4 2 2 2 0
2 2 2 8 0 4 4 0 64 8 2 2 8 0 2 2
2 2 2 0 2 2 0 0 2 4 0 0 4 0 2 0
2 8 8 2 4 16 2 4 2 8 8 2 2 0 0 0
0 8 0 16 8 2 0 4 8 2 2 4 256 32 2 4
6 17
2 0 128 4 2 2
0 0 2 8 4 16
0 4 2 0 0 8
2 8 4 2 2 8
2 0 2 4 8 4
0 4 4 0 0 0
3 13
2 4 4
4 2 4
2 0 16
11 32
4 2 8 0 2 4 8 4 2 8 2
16 4 16 4 2 4 16 2 2 4 2
0 2 0 4 2 8 8 8 2 4 16
2 4 8 2 32 4 64 4 4 2 2
4 4 64 2 0 2 8 4 4 2 8
2 2 4 2 2 0 16 2 4 4 4
0 4 4 4 0 2 2 0 16 2 2
2 4 2 8 8 2 2 2 2 2 8
4 2 2 0 16 2 4 2 0 128 16
0 2 2 4 64 2 64 2 2 4 8
2 8 4 0 2 2 2 16 16 4 8
5 14
4 0 2 2 8
4 4 16 0 4
8 2 2 2 4
8 0 2 4 2
8 0 4 4 2
15 30
2 32 2 4 2 8 4 0 8 0 8 16 0 2 0
32 2 4 8 2 2 16 32 2 0 32 2 2 4 2
4 2 16 4 4 0 4 0 2 32 2 2 2 0 4
8 4 2 4 4 4 2 2 16 0 8 2 4 0 2
2 2 4 2 4 0 2 2 2 4 2 2 8 2 8
4 8 2 8 2 0 4 2 2 2 16 2 4 0 4
0 2 4 0 2 4 0 0 0 128 4 8 4 2 2
8 4 2 2 64 0 0 2 8 4 2 2 0 0 4
0 0 2 2 4 8 8 8 8 4 2 4 2 16 2
4 4 8 2 4 2 0 2 2 0 2 2 16 16 4
2 8 2 0 2 4 2 2 8 4 0 4 2 2 2
2 2 2 4 2 4 2 2 2 4 8 0 4 2 0
4 4 4 0 2 2 2 2 2 0 0 2 4 2 2
2 4 0 8 8 2 0 4 4 0 16 2 8 4 8
16 16 4 2 2 8 0 8 16 2 4 4 2 32 2
18 46
8 4 16 4 4 2 4 4 0 16 0 2 2 16 8 32 4 2
4 2 2 2 2 8 8 2 2 16 0 2 8 2 4 2 8 2
2 4 8 8 0 2 0 16 2 2 0 2 8 2 2 2 32 2
4 2 0 8 32 0 2 8 64 64 8 4 0 2 2 2 4 2
4 0 0 2 2 2 2 0 4 4 2 16 2 0 16 8 2 4
2 0 2 0 2 4 4 2 8 2 2 2 4 2 4 8 0 2
8 4 32 8 4 2 4 4 0 4 8 2 8 0 4 4 2 2
2 2 4 2 2 2 8 4 2 0 64 16 2 0 2 16 0 4
4 0 8 4 32 2 64 64 2 4 2 2 2 2 8 2 64 0
4 2 2 8 2 2 2 0 4 4 4 4 8 8 32 8 2 32
2 2 0 2 2 0 4 2 4 2 0 2 0 0 16 8 4 16
4 2 2 32 2 2 2 2 8 8 16 2 512 2 2 0 4 2
128 2 2 2 8 0 2 4 32 8 2 0 2 4 4 0 4 0
0 0 2 2 4 0 4 0 8 2 8 4 256 0 2 2 2 2
16 8 2 2 4 2 4 2 0 0 2 2 0 8 2 4 128 2
4 8 8 0 4 0 2 2 8 2 2 2 2 4 0 2 2 2
4 2 0 8 4 2 2 0 0 2 4 2 2 4 2 4 0 4
2 4 2 0 2 0 0 2 16 2 16 2 2 4 2 512 8 4
6 28
2 2 4 64 8 16
2 2 2 0 2 32
16 32 2 2 4 2
8 4 4 2 2 4
0 0 2 2 16 0
2 4 2 4 4 0
9 26
16 2 8 0 8 8 8 2 2
4 2 4 0 2 0 4 16 512
8 128 2 2 4 2 2 0 0
2 8 4 4 2 4 0 64 8
2 0 2 2 0 2 16 512 4
2 2 16 2 4 2 2 8 0
2 0 0 2 2 4 0 4 0
2 2 4 4 2 2 2 2 2
32 0 0 2 2 8 2 2 0
12 32
16 32 2 2 0 2 2 0 4 2 0 8
2 2 2 2 4 0 2 4 2 2 4 2
2 2 2 2 16 0 2 2 2 2 4 128
4 0 16 0 2 2 2 2 8 8 16 2
4 2 8 0 2 2 32 0 8 2 0 8
2 0 2 4 4 2 8 8 4 2 4 2
2 2 2 4 32 2 4 2 8 8 2 4
2 2 4 16 2 2 4 4 0 0 2 2
2 2 2 2 16 8 2 0 2 16 2 2
2 32 0 8 2 2 2 2 4 4 0 16
2 8 2 16 0 4 2 64 0 0 2 2
2 16 2 2 2 2 0 4 4 4 2 8
12 40
4 4 2 2 2 0 0 2 4 32 2 8
4 4 16 4 4 4 2 4 4 0 4 16
2 4 16 0 0 4 2 512 4 2 2 0
2 2 32 2 4 4 4 4 4 2 2 0
2 8 2 0 2 2 0 2 8 2 2 2
2 2 2 16 2 2 2 2 2 2 4 2
4 2 2 16 2 4 4 0 16 2 2 4
4 2 4 8 2 2 4 0 2 4 0 2
2 2 2 0 0 16 4 4 8 16 0 32
2 2 2 2 2 0 4 2 2 0 2 2
2 4 2 0 2 2 0 2 0 2 64 4
8 8 2 2 4 16 4 4 2 2 2 0
1 14
0
6 7
2 0 16 16 4 64
2 2 2 64 2 0
4 4 8 2 512 0
2 8 2 4 2 8
0 4 8 0 0 4
2 16 2 2 2 0
13 38
4 2 0 8 2 16 8 2 4 4 0 2 2
4 2 2 2 2 4 2 0 8 4 0 16 4
2 0 128 4 4 4 4 2 2 2 2 2 2
0 0 8 0 0 2 2 0 4 2 4 16 4
64 4 2 2 0 2 4 0 0 64 4 2 2
2 2 4 2 4 4 2 4 0 0 4 2 2
4 2 4 16 2 0 16 64 2 0 2 0 2
4 0 2 2 4 2 2 4 8 2 2 0 8
2 2 4 0 4 2 0 0 2 4 4 2 0
2 2 2 4 2 16 0 4 4 2 2 2 2
2 4 32 8 2 4 8 0 2 4 16 2 4
16 0 4 0 8 0 0 2 0 0 2 2 2
4 16 2 2 4 2 8 0 4 2 0 2 2
5 10
2 4 2 8 8
2 0 4 2 16
2 0 4 4 32
2 2 2 4 0
2 8 0 4 8
11 28
2 0 2 2 2 8 4 2 0 2 0
0 8 4 0 8 2 4 4 32 2 0
2 8 16 4 4 2 32 0 0 4 2
64 2 0 2 0 2 2 4 0 2 16
2 8 8 8 8 2 2 4 2 128 64
8 16 2 2 8 8 8 4 0 4 2
0 16 2 4 4 2 8 2 8 4 2
0 4 4 8 1024 0 2 0 16 2 16
0 0 0 2 32 2 4 2 0 0 8
8 4 2 2 4 2 2 2 2 0 2
0 2 4 4 256 0 2 8 16 4 0
13 32
0 2 2 0 2 0 2 0 4 2 4 4 4
4 2 4 2 0 2 2 32 0 2 0 2 2
0 2 2 2 8 2 4 8 2 4 2 2 2
16 4 4 16 16 8 4 64 32 0 8 0 2
0 2 2 8 0 0 2 4 0 2 2 2 4
256 2 8 0 2 2 2 16 2 4 2 2 0
2 2 4 8 64 4 4 8 8 16 2 8 2
2 0 0 2 2 2 2 0 2 2 64 0 0
2 2 4 32 256 4 2 8 2 2 8 2 4
2 2 2 32 2 2 2 2 8 0 2 32 16
2 0 8 2 128 2 0 2 2 8 4 2 2
4 4 0 4 4 4 2 2 2 4 0 8 0
0 4 2 2 0 16 4 0 0 0 0 32 128
4 10
32 16 2 2
16 0 0 2
2 0 2 2
4 4 4 2
7 15
256 8 2 2 4 8 2
4 2 8 0 2 8 8
16 16 2 4 16 0 4
4 0 2 2 2 2 2
0 2 2 2 2 2 2
2 2 2 4 0 8 2
4 4 2 8 2 16 2
18 44
2 2 2 0 2 8 0 8 4 4 8 2 0 2 2 16 0 2
4 2 2 2 2 2 8 16 0 2 8 2 2 2 16 8 16 2
2 0 2 64 0 2 2 2 2 0 2 4 0 2 4 4 2 128
2 4 0 0 2 8 8 0 4 2 2 2 2 2 4 2 8 2
4 2 2 2 16 4 16 2 0 4 4 32 8 2 8 2 2 16
2 2 2 2 4 4 0 8 2 4 2 4 32 16 2 2 2 0
2 8 8 32 128 4 2 0 4 2 2 2 4 2 2 2 0 2
4 64 2 4 512 4 16 2 0 2 2 0 4 4 2 0 4 16
16 4 32 0 0 0 2 0 2 4 8 8 8 16 4 8 4 8
0 0 8 2 4 8 0 2 2 0 0 2 4 4 2 0 2 2
4 2 2 2 4 4 16 2 0 128 16 8 2 8 2 2 2 2
2 0 0 2 0 2 2 0 2 0 2 2 2 4 4 2 2 2
2 2 2 4 4 256 2 2 4 4 0 8 4 4 2 4 2 16
0 32 4 512 4 8 2 128 2 2 16 8 4 2 4 2 2 128
4 2 4 4 8 8 2 2 0 4 0 2 2 8 4 0 2 2
16 4 2 2 2 0 0 4 4 2 0 2 2 0 2 0 2 0
0 16 4 4 16 2 4 4 2 0 2 0 8 2 4 4 4 8
0 4 4 2 16 2 4 16 0 2 2 8 256 4 2 4 8 2
14 34
2 4 0 2 0 2 2 2 2 0 2 4 2 4
2 2 2 2 4 8 4 2 2 32 4 4 2 0
2 2 2 4 2 4 4 0 2 4 0 16 2 4
0 4 2 0 2 2 0 2 4 16 2 2 4 2
2 8 4 2 128 16 4 2 4 2 2 0 8 4
2 4 2 0 0 8 8 4 2 4 16 2 8 4
0 2 16 0 2 8 0 2 32 0 2 0 0 4
2 2 2 0 2 2 2 2 2 8 2 2 4 0
0 0 4 2 4 2 2 2 2 2 4 2 2 2
2 64 8 256 4 128 2 2 0 2 2 2 4 2
4 4 2 8 2 2 4 2 2 4 2 2 2 2
4 4 0 2 2 2 2 2 4 2 2 2 2 2
0 4 4 2 0 2 4 2 2 0 4 4 2 0
2 2 8 2 2 0 4 0 8 2 4 128 4 0
1 1
2
6 12
4 2 2 2 64 2
4 2 0 2 128 16
4 4 2 2 4 256
8 32 0 4 8 2
4 64 2 2 2 32
16 8 8 2 2 8
10 23
2 2 8 2 8 4 4 16 4 8
0 2 16 8 2 0 4 8 2 2
8 32 2 2 2 4 16 2 0 0
0 0 2 0 4 2 2 2 0 2
8 0 2 2 2 8 8 4 4 2
64 4 0 4 16 4 2 4 4 32
2 2 2 16 4 0 4 8 2 0
2 2 2 2 2 2 0 2 2 2
4 0 32 2 2 32 2 2 2 4
2 2 32 2 64 4 8 2 2 0
2 6
32 4
8 4
10 26
4 2 8 2 4 2 2 8 4 4
16 4 512 4 512 4 0 2 4 0
2 4 0 16 2 2 16 4 0 2
8 2 16 0 32 2 4 2 2 4
2 2 4 2 8 2 2 2 4 0
0 2 8 8 2 2 2 2 32 2
0 2 4 4 4 4 16 0 0 4
2 0 2 2 0 4 8 0 0 0
8 32 8 2 2 2 0 0 2 32
2 0 8 4 2 2 2 2 2 0
11 21
2 32 2 4 8 0 8 4 0 0 0
4 8 4 2 2 0 0 2 8 2 2
4 2 8 2 2 0 0 2 8 2 4
0 0 8 0 2 8 8 0 2 256 4
2 16 8 4 4 2 16 2 0 4 2
0 8 2 0 2 2 2 4 0 8 2
16 0 8 2 32 0 4 2 2 2 0
0 2 2 2 2 2 4 32 2 2 2
8 2 4 2 2 8 8 0 2 2 4
0 2 2 2 0 2 2 0 8 8 8
0 256 2 4 4 4 4 2 0 0 2
14 34
2 2 2 0 2 2 4 4 2 2 512 0 0 8
8 16 4 8 2 2 4 4 256 2 2 2 2 2
2 4 2 0 4 4 16 2 4 0 16 4 2 0
2 4 2 2 4 2 2 0 2 64 2 4 8 4
2 0 2 2 4 4 2 16 4 4 2 16 2 2
16 2 0 2 2 8 0 2 64 2 2 4 0 0
16 2 4 0 8 8 2 0 4 8 2 0 4 2
32 4 0 2 2 2 2 2 4 0 2 4 2 4
4 0 16 4 2 2 4 2 2 2 2 0 2 0
2 4 4 8 8 8 2 2 2 2 16 2 2 2
0 8 2 0 0 2 2 2 16 2 8 2 4 4
2 16 8 2 8 16 2 2 16 4 4 2 2 2
0 2 4 2 2 4 2 2 2 0 2 0 0 8
2 8 2 2 2 0 2 2 4 2 32 8 2 0
19 43
4 2 8 2 0 2 4 2 4 2 0 8 16 256 8 2 8 128 0
2048 4 16 4 2 4 2 2 4 4 4 2 2 4 2 2 0 8 8
0 0 2 8 4 2 2 8 2 2 32 2 4 4 4 0 4 8 8
0 2 2 4 2 8 2 0 32 2 2 2 4 8 0 64 2 16 4
2 0 64 2 2 4 0 2 4 2 64 4 16 0 128 32 2 0 4
2 2 2 8 2 128 2 2 0 2 2 32 2 2 16 0 4 2 2
32 4 4 2 4 16 0 0 8 2 16 0 2 8 2 2 8 2 2
2 2 0 64 2 2 2 4 4 2 2 2 32 4 0 0 4 64 1024
2 2 32 2 2 2 8 32 4 4 2 2 8 2 8 2 32 2 2
4 0 2 4 16 4 2 4 0 2 4 2 4 2 2 2 2 4 2
2 4 2 2 16 2 2 8 2 0 2 4 2 8 8 0 2 0 2
2 2 2 2 4 2 2 4 4 16 0 2 32 4 2 0 2 0 4
8 4 0 0 4 2 2 2 4 8 0 64 4 8 32 2 2 8 8
0 0 2 0 2 8 8 8 8 16 2 2 64 4 2 4 0 2 2
2 2 4 2 0 0 0 256 0 2 4 0 0 2 0 0 2 2 0
16 4 8 64 0 4 2 8 2 0 8 2 16 2 2 0 2 2 16
16 2 2 0 8 2 4 2 4 8 2 2 2 2 32 4 4 2 16
2 128 8 2 2 2 0 0 4 4 2 2 0 2 2 4 0 4 4
2 2 0 2 0 4 2 2 2 2 2 8 2 4 4 0 2 2 4
3 11
2 16 2
2 2 2
8 0 2
3 10
2 4 0
2 2 4
8 0 8
17 9
4 4 8 16 8 2 2 2 2 2 2 2 4 2 8 2 0
0 4 4 8 2 8 2 8 8 2 4 2 8 0 8 8 4
2 4 2 16 2 4 4 2 2 16 4 64 2 4 4 2 2
8 4 2 4 0 2 2 2 2 2 2 8 2 8 2 2 4
2 2 2 2 4 2 4 2 8 2 2 32 0 2 2 2 4
2 16 16 4 4 4 0 8 4 0 4 8 0 2 4 2 0
16 2 2 0 2 2 8 2 2 4 4 16 4 8 4 4 2
128 4 2 2 8 4 0 0 2 2 32 2 2 2 2 4 2
16 2 4 2 2 8 2 0 32 2 32 2 0 16 4 4 2
2 0 2 128 4 512 2 2 0 2 4 0 2 8 8 512 0
0 16 2 2 4 0 2 2 4 4 0 2 2 8 128 2 2
2 8 8 2 2 2 2 2 2 2 2 4 0 2 8 2 8
4 0 2 4 2 2 2 2 4 4 4 0 16 2 4 2 2
8 64 4 2 16 2 2 4 4 16 8 2 0 2 2 2 2
4 4 8 8 1024 4 8 2 16 2 2 4 2 2 4 4 32
0 0 0 4 32 0 2 2 2 8 0 4 4 0 4 2 0
2 0 4 2 4 8 4 4 2 2 2 2 2 2 16 4 16
4 15
2 2 2 32
2 2 2 8
2 4 0 4
4 2 2 0
7 18
0 2 2 2 2 2 2
2 2 2 0 2 8 8
4 4 2 16 2 2 32
2 2 2 2 16 2 16
32 2 2 0 2 0 8
2 2 4 4 4 4 2
4 8 4 32 4 2 2
2 10
8 2
2 2
1 1
0
7 18
2 2 4 4 4 2 32
8 8 2 8 32 32 128
0 2 4 2 2 4 4
0 64 2 2 2 2 4
2 0 16 4 2 2 2
2 0 2 32 4 2 2
2 2 0 2 2 2 2
16 37
16 2 0 4 8 4 16 4 4 2 2 2 8 4 2 2
2 2 4 2 4 16 2 4 2 8 2 2 0 2 16 2
16 8 2 2 2 8 2 256 0 2 0 2 2 2 32 2
32 0 4 4 4 4 2 2 2 2 4 2 8 2 4 0
4 4 2 2 2 32 16 2 2 4 2 2 2 0 2 32
2 2 8 4 2 4 4 2 2 8 2 4 2 4 4 2
2 2 8 8 2 2 4 16 4 128 4 64 2 2 4 2
8 2 8 2 4 4 8 128 2 8 8 2 16 0 4 4
16 8 0 32 2 2 4 2 4 2 16 8 2 2 16 16
2 2 2 2 16 128 4 4 4 2 2 8 4 16 0 2
4 2 0 2 8 4 0 32 0 0 128 512 2 0 0 2
8 0 2 4 2 32 8 0 2 4 2 4 2 4 2 2
4 2 2 2 0 16 0 0 2 2 0 16 2 4 32 4
16 8 4 4 4 4 2 2 2 4 32 8 16 64 4 2
2 2 4 2 2 4 4 2 2 2 1024 2 2 2 0 0
4 16 2 0 2 2 2 0 2 4 4 16 2 8 4 2
19 45
4 0 16 2 64 8 4 8 2 16 0 4 2 4 2 4 2 2 4
64 8 2 2 32 2 0 8 4 4 4 2 2 2 4 0 2 2 16
2 2 2 2 4 0 2 8 4 2 4 2 2 2 2 0 16 128 4
4 4 8 0 8 2 0 4 2 0 0 2 4 8 0 2 2 2 0
4 0 2 2 16 16 2 128 4 128 4 2 2 2 4 4 0 4 2
4 2 2 4 0 2 4 2 8 2 0 2 2 4 2 4 2 4 16
2 2 2 4 0 4 0 4 2 16 4 64 2 0 2 2 8 32 0
32 2 2 4 2 128 4 2 8 0 2 0 2 4 8 8 64 2 2
0 4 0 0 2 2 0 2 0 2 2 2 0 4 2 2 2 2 2
16 16 2 16 2 8 4 0 4 2 2 8 2 0 4 2 2 2 2
2 4 8 4 16 2 0 4 2 4 2 2 2 4 4 2 2 4 16
4 512 0 8 16 2 0 2 2 2 4 0 0 16 32 2 16 8 4
16 16 4 2 4 2 2 4 8 2 2 8 4 0 32 8 2 0 8
2 0 0 2 4 16 4 2 4 2 2 2 4 8 128 2 4 16 8
2 0 16 2 0 0 128 2 0 2 2 0 4 2 2 2 8 0 2
4 2 2 2 0 2 4 0 2 4 8 4 2 2 2 4 4 2 0
0 32 0 8 2 2 4 0 4 4 2 16 2 2 2 8 16 2 4
4 2 8 128 2 2 8 4 2 2 4 8 2 4 8 2 16 0 128
16 32 4 0 64 2 2 2 0 4 2 0 2 2 2 16 4 4 4
13 39
4 2 16 2 2 4 2 2 32 4 8 2 2
2 2 2 2 4 64 2 4 4 8 0 0 2
4 2 16 16 8 0 2 16 2 0 2 4 2
2 16 4 2 16 2 2 8 256 0 8 2 2
2 2 4 4 4 0 8 4 8 2 8 0 2
32 4 2 2 2 8 2 16 8 2 2 2 0
4 32 2 2 2 16 4 2 2 0 4 0 4
2 16 2 2 2 4 2 2 8 2 8 4 4
2 2 0 4 4 2 2 2 0 16 2 4 16
4 2 2 2 2 0 0 2 128 2 2 4 8
4 0 0 8 2 8 4 2 4 0 2 4 4
2 2 32 4 8 2 2 4 0 2 2 0 2
2 8 2 2 2 2 2 0 8 2 0 16 4
18 31
4 16 0 0 2 8 4 2 2 2 2 8 2 0 0 4 8 8
4 4 2 16 2 2 4 2 2 2 0 2 2 4 8 2 64 4
4 8 2 8 2 0 4 2 2 8 0 2 4 2 4 16 8 4
2 2 4 4 4 16 2 4 2 2 2 2 2 2 4 2 2 2
0 2 4 2 8 2 2 2 0 0 2 4 4 2 32 0 2 2
2 2 2 2 0 0 4 0 2 8 2 8 2 0 4 2 0 16
2 2 2 0 2 0 0 16 2 2 2 2 2 2 2 0 4 2
4 0 2 2 16 0 2 2 4 8 8 4 32 2 8 16 0 2
4 2 0 0 2 16 2 2 2 4 16 4 8 8 0 8 8 4
0 2 8 2 0 0 16 2 2 2 2 2 2 8 2 2 0 8
2 16 2 0 8 2 2 0 0 2 512 64 4 16 8 64 4 2
4 2 2 2 2 2 0 0 16 2 4 2 4 2 4 2 4 2
2 4 2 8 0 16 32 2 2 16 0 0 8 64 2 16 4 128
2 0 0 4 4 4 2 2 0 4 4 4 2 0 4 2 0 16
2 4 2 8 2 4 4 2 4 4 2 2 8 2 2 8 0 2
2 0 2 0 8 4 2 8 2 8 4 16 2 2 4 4 0 4
2 2 8 8 16 2 32 4 2 2 4 2 2 4 2 0 0 32
0 2 0 2 16 2 0 0 4 16 0 0 2 2 16 4 0 4
10 26
4 2 2 0 2 16 4 2 2 2
0 0 2 8 4 8 2 0 2 4
2 2 4 2 2 8 128 16 0 8
2 4 2 0 8 8 2 2 2 0
8 4 2 2 2 4 4 2 2 4
2 2 2 2 2 128 0 2 2 8
2 0 2 2 0 2 2 0 2 2
2 0 2 2 4 4 2 2 2 16
2 2 2 4 2 2 4 64 4 2
2 0 2 32 2 2 4 0 2 4
16 29
2 4 2 8 0 2 0 2 8 4 8 2 32 4 4 16
2 16 2 2 2 2 2 2 2 2 2 4 2 8 2 2
4 2 0 2 8 32 4 2 2 4 4 2 16 2 2 16
2 32 4 2 2 32 2 0 4 32 8 2 4 4 16 8
2 2 64 4 2 2 2 2 2 2 2 4 0 2 8 0
4 4 2 2 2 16 4 64 4 2 2 0 0 8 2 2
8 2 2 0 0 2 0 8 2 8 2 2 4 2 16 2
0 4 2 16 128 8 4 4 2 2 0 16 2 2 4 32
0 8 2 8 2 8 2 4 32 4 2 2 0 2 2 2
0 2 8 4 4 2 512 2 4 0 2 8 0 0 2 4
4 8 4 0 2 8 16 8 2 0 32 4 0 2 8 2
2 2 4 2 2 0 0 0 4 0 8 0 8 2 2 0
8 16 2 8 0 4 2 2 2 0 0 16 0 4 4 2
8 2 0 512 2 2 2 8 2 8 4 2 16 4 2 8
4 4 8 2 4 2 2 2 8 2 8 32 2 2 8 2
2 0 4 2 2 0 2 4 4 4 4 4 0 0 16 4
8 21
2 2 2 8 2 4 4 2
8 4 0 2 16 4 2 0
2 4 2 2 4 2 8 0
4 4 32 0 4 0 2 2
2 4 8 2 0 2 16 32
4 2 2 4 0 4 0 0
4 2 2 16 64 2 4 4
0 2 4 32 2 8 4 8
13 42
2 8 8 4 16 8 4 2 2 16 2 2 2
2 8 4 2 4 2 2 2 2 4 2 2 4
0 8 8 2 2 16 2 0 32 2 2 0 4
2 2 4 16 2 64 2 4 8 2 4 16 32
8 4 2 2 8 2 0 0 4 0 2 4 4
2 2 4 0 2 2 4 0 8 4 4 2 2
0 2 0 2 2 4 2 16 8 2 8 2 2
2 2 32 0 4 2 8 8 2 2 2 0 64
4 0 2 0 2 64 8 2 2 2 2 0 4
0 2 4 4 4 16 2 2 2 2 4 4 4
8 64 2 8 4 2 16 4 4 2 0 2 2
64 64 2 2 0 2 4 0 2 8 8 2 4
8 2 0 16 4 8 4 2 4 4 8 4 2
12 35
8 4 0 2 8 4 2 4 2 4 0 2
2 4 2 4 8 0 2 2 8 0 2 2
16 2 4 4 4 2 8 0 0 4 2 8
64 16 4 4 2 2 0 2 2 4 2 4
2 2 8 8 4 4 4 16 0 32 8 0
8 2 2 8 16 64 2 2 4 0 4 0
4 4 8 2 2 2 16 8 8 128 0 2
0 2 2 4 4 64 2 2 2 4 4 2
4 8 0 0 8 0 2 4 4 2 4 2
2 2 16 2 2 2 2 2 2 16 2 2
2 4 0 2 4 2 0 2 4 4 4 8
32 2 0 2 2 0 4 4 256 4 4 2
18 45
4 4 4 128 16 2 2 2 0 2 2 64 2 2 0 2 2 16
2 32 2 8 4 8 32 4 8 0 4 8 2 4 0 2 4 16
2 4 64 2 2 2 2 4 2 2 0 0 2 0 4 4 2 0
2 2 4 2 0 2 2 2 8 2 0 4 4 8 0 4 2 2
2 2 2 4 0 2 2 0 2 2 0 2 2 2 4 8 8 8
2 4 8 2 2 2 0 4 4 2 2 8 0 16 8 8 2 2
2 2 2 2 4 4 2 2 4 4 2 2 4 0 4 2 8 4
128 0 4 2 2 2 2 4 2 4 4 2 0 8 16 2 2 0
2 0 2 2 0 0 2 64 32 4 4 4 2 2 0 0 32 2
0 8 4 64 0 4 128 2 0 4 2 4 2 8 0 2 2 0
32 2 2 0 2 4 0 2 16 2 128 2 8 0 0 16 4 8
16 2 4 2 2 2 4 4 8 2 2 8 2 2 2 128 8 4
128 8 2 2 16 8 2 0 4 2 8 2 2 4 0 2 8 2
2 2 4 4 8 2 16 2 16 2 4 2 2 2 2 128 2 2
8 16 2 4 2 16 2 2 2 4 2 2 0 2 4 8 8 4
4 2 8 2 2 4 0 2 2 4 2 2 2 0 0 4 16 4
4 4 32 2 2 2 0 2 2 0 8 4 2 2 2 4 2 32
0 0 2 64 2 4 2 2 0 2 0 2 8 2 2 2 0 2
5 11
0 2 4 8 8
4 2 2 4 0
8 2 64 2 2
0 8 2 8 2
2 4 4 16 16
11 27
2 4 2 2 0 0 4 2 2 0 4
2 8 4 2 8 2 8 4 0 2 2
2 8 0 0 8 2 2 4 8 2 2
16 4 8 2 2 2 4 0 2 16 2
2 0 2 2 0 16 8 2 0 2 2
4 8 2 0 8 4 2 2 2 2 0
2 4 4 4 4 2 0 2 4 4 4
32 0 0 2 2 0 2 2 4 16 2
4 32 32 4 2 2 2 16 2 4 2
2 2 2 2 4 2 8 2 2 0 2
4 4 8 2 0 0 0 0 0 2 2
7 33
0 4 2 4 2 0 16
2 8 4 0 2 128 16
2 2 8 16 4 16 0
16 0 2 2 2 0 0
4 2 2 2 0 4 16
0 4 0 0 4 4 2
2 128 2 4 64 0 2
13 13
2 4 8 2 2 2048 8 2 8 2 2 4 2
2 4 256 16 4 8 8 2 4 4 4 2 0
2 0 2 4 8 2 2 0 32 4 0 0 4
4 2 4 32 2 4 2 4 2 8 16 2 2
0 4 2 0 2 4 2 4 4 8 2 4 2
2 2 8 2 8 0 8 2 32 2 0 2 2
0 8 0 2 4 64 8 4 8 8 2 2 16
4 2 2 2 2 2 2 4 2 2 0 2 2
2 0 0 0 16 2 2 2 8 0 2 2 2
0 0 0 0 32 2 2 4 0 8 4 8 0
8 0 4 16 2 0 2 2 4 0 2 2 0
0 2 0 32 0 2 8 2 4 2 2 2 4
2 128 4 8 2 2 4 4 2 2 2 256 8
3 9
4 2 4
32 4 0
128 2 4
11 29
2 0 2 2 2 4 0 2 2 0 4
4 4 2 0 4 4 8 4 32 16 4
0 8 2 2 2 32 2 8 0 4 2
2 2 4 8 0 0 2 2 4 2 16
8 0 2 2 32 2 2 2 32 32 2
8 2 4 0 4 8 16 64 0 4 2
8 2 4 8 2 2 8 2 0 2 0
8 2 2 4 128 2 4 256 2 16 4
2 2 128 8 2 0 2 8 4 4 2
0 8 2 8 8 16 8 4 4 64 8
32 2 16 2 2 4 4 2 8 4 2
