20
5 9
2 2 2 4 4
64 4 4 2 2
2 16 4 8 2
256 4 4 256 2
4 2 128 4 8
15 20
2 4 4 2 2 2 8 2 2 2 4 4 2 4 4
2 2 64 2 2 2 2 2 2 8 2 4 4 2 2
2 512 1024 2 2 4 2 4 2 2 4 2 4 2 8
2 2 16 4 2 16 4 2 8 32 64 2 2 4 16
16 16 8 2 4 16 2 2 8 2 2 8 4 8 16
4 4 2 8 2 8 2 8 8 2 4 2 4 2 2
4 4 2 2 2 4 4 4 2 128 2 2 64 4 2
2 4 2 4 8 2 128 2 8 2 4 4 16 2 2
2 2 4 4 4 2 128 2 4 2 64 2 2 8 8
8 4 4 8 2 4 2 4 2 4 2 4 2 8 128
2 8 2 4 16 2 4 2 2 2 16 8 4 4 16
2 64 16 2 4 2 8 4 2 16 16 2 4 4 2
2 2 32 2 2 8 2 2 4 2 4 2 32 2 2
2 4 64 2 32 2 2 64 2 4 4 4 4 2 2
2 2 64 4 2 8 4 2 2 4 8 4 2 2 4
19 1
2 4 64 2 2 32 8 2 4 4 4 4 16 32 16 4 2 8 2
128 2 16 2 2 2 4 4 8 4 2 64 4 4 8 2 4 2 8
4 8 2 2 2 2 2 2 2 4 2 4 16 2 16 2 16 4 2
4 4 2 128 4 2 64 16 2 2 2 16 4 8 256 4 2 16 2
8 4 8 4 2 2 4 2 8 512 2 2 4 2 2 4 4 8 2
8 4 2 4 8 2 2 4 16 2 256 2 4 2 2 2 4 2 4
2 4 2 8 2 64 16 2 2 4 2 2 2 4 2 4 128 2 4
2 2 2 4 2 16 8 64 2 2 4 4 4 2 2 2 4 2 2
4 4 2 2048 2 2 4 16 2 2 2 2 2 4 4 8 2 4 4
2 2 8 16 4 2 4 2 32 2 2 4 2 2 2 16 4 4 32
2 8 4 256 8 2 2 2 2 64 4 2 4 4 2 2 2 4 2
2 2 2 2 4 2 4 8 8 64 2 8 2 8 2 2 4 2 2
2 16 2 2 4 4 8 4 4 2 64 8 2 4 2 2 4 4 2
2 4 8 2 2 8 16 4 4 2 2 2 2 16 2 4 2 4 4
4 8 64 2 8 4 2 2 2 4 4 2 2 8 2 4 2 2 2
4 2 64 2 2 4 4 2 8 4 4 4 4 32 2 4 2 16 4
8 32 4 2 4 2 2 4 2 2 2 2 2 2 2 4 4 2 2
8 2 8 2 4 4 4 2 256 4 32 2 32 2 8 2 8 2 4
4 4 16 64 8 8 256 2 2 2 4 2 2 128 2 4 4 32 2
9 43
4 2 8 4 2 2 2 8 2
2 8 32 8 2 2 2 4 2
4 2 32 2 2 16 2 4 2
4 2 8 2 2 2 32 2 2
2 4 2 128 2 2 4 2 2
2 2 8 2 8 2 2 4 32
4 2 8 2 4 4 2 8 8
4 2 2 2 4 2 8 8 2
4 4 2 2 4 8 2 2 8
16 9
2 2 256 2 2 8 16 8 2 4 4 16 2 4 2 2
4 2 2 2 2 4 4 2 16 8 2 2 2 4 16 2
8 16 4 4 8 2 2 4 32 2 2 4 2 4 2 2
2 2 2 2 32 4 8 16 2 4 2 2 4 2 2 2
8 16 2 4 4 4 2 4 2 2 64 4 8 2 8 2
2 16 4 4 4 8 32 2 2 2 16 8 2 2 4 4
2 2 2 2 2 2 4 16 2 2 4 8 8 8 2 8
2 2 4 2 8 2 16 2 2 2 8 2 2 2 4 4
4 4 2 2 4 4 4 2 2 8 2 2 16 2 4 8
2 4 16 16 2 16 2 2 2 2 4 2 8 8 8 2
16 4 2 2 4 2 2 4 2 32 32 4 2 16 2 4
2 8 2 32 2 4 8 4 8 4 2 32 2 4 8 2
4 2 2 4 2 2 4 2 4 4 2 2 32 4 32 16
2 4 2 2 2 8 4 2 64 2 2 16 8 2 2 4
8 2 2 2 4 2 8 8 2 2 4 4 16 4 64 4
2 2 2 2 2 8 2 4 2 16 4 2 2 4 2 4
5 49
2 4 2 2 8
8 2 2 2 2
4 2 2 8 4
2 4 16 2 2
2 2 4 2 2
13 48
4 2 2 2 2 16 2 2 2 64 4 4 4
2 16 2 16 4 2 4 4 16 2 4 2 8
128 8 2 32 2 16 2 2 4 2 8 2 4
4 2 4 4 128 8 2 4 4 4 4 8 2
4 4 2 2 16 2 4 2 4 8 8 4 2
16 4 8 2 4 2 2 2 2 4 2 2 2
2 2 16 4 2 2 2 4 32 2 2 16 2
2 2 2 8 4 8 32 2 4 2 4 2 4
64 2 2 2 2 2 4 2 2 2 2 8 4
2 2 8 8 2 2 2 2 2 2 4 4 8
8 2 4 4 2 2 2 4 16 2 2 2 32
2 32 2 4 4 4 8 16 2 2 2 2 8
4 2 2 4 2 4 4 2 4 2 4 2 4
19 8
2 4 4 2 2 128 2 4 4 32 2 8 8 256 4 2 16 4 2
2 2 2 2 32 2 4 2 4 16 8 2 2 8 2 8 8 2 8
2 64 2 2 8 2 8 4 2 2 2 4 2 4 4 2 2 2 4
8 2 32 2 2 4 2 2 2 2 2 2 2 4 64 16 4 4 8
2 2 2 4 4 2 2 2 8 4 2 2 16 4 2 2 8 2 2
8 2 64 8 32 2 4 2 4 128 2 8 2 4 4 16 4 2 4
16 2 32 4 2 2 2 2 2 4 4 8 2 2 32 2 2 4 4
4 4 2 2 8 4 4 2 2 2 4 4 8 2 2 2 4 8 4
4 4 2 2 16 4 4 128 2 2 4 4 2 4 8 4 2 2 2
4 2 4 2 2 8 16 4 2 2 8 4 2 8 32 4 2 2 16
2 8 2 4 2 128 64 2 2 2 4 4 2 16 2 2 2 2 4
2 2 8 4 128 2 64 16 32 2 2 2 2 2 2 2 2 16 2
2 8 2 16 1024 2 2 8 2 8 2 4 64 2 2 2 32 16 64
2 2 2 4 16 16 8 4 2 2 128 2 2 2 4 2 4 8 2
8 4 2 8 8 8 8 4 8 4 16 8 4 2 64 2 2 2 4
2 8 2 2 2 2 2 2 2 2 2 4 4 4 4 2 2 8 4
2 4 4 16 8 2 2 2 2 4 4 16 2 2 2 2 4 8 16
4 2 8 2 2 2 8 2 16 4 8 16 4 2 4 2 4 2 4
2 2 16 4 2 8 4 2 4 2 2 2 2 2 2 8 2 2 2
18 16
4 2 2 2 16 8 8 2 2 2 2 8 4 16 2 16 2 32
2 4 8 2 8 4 4 8 4 4 4 2 2 2 8 4 4 2
4 2 8 2 2 256 2 2 2 2 4 4 128 2 4 2 2 2
4 16 2 2 2 2 4 2 2 2 2 2 2 4 32 16 2 4
2 4 2 2 4 2 4 4 2 2 4 4 32 2 4 4 16 2
2 2 4 8 4 4 2 4 4 8 8 2 2 8 8 2 2 2
4 4 8 2 2 2 16 4 2 4 2 8 2 32 8 8 2 4
8 2 2 64 2 2 2 4 2 2 2 2 2 2 2 2 2 4
4 2 2 32 4 2 4 2 2 2 2 2 2 2 8 16 2 2
2 2 256 2 2 2 2 2 4 4 4 2 2 2 2 2 8 8
16 16 4 16 2 2 8 4 16 4 32 2 4 8 8 2 2 4
4 2 2 2 4 2 2 4 8 2 2 16 2 2 4 4 2 4
2 16 4 2 8 2 2 2 2 2 2 2 2 4 4 2 8 4
2 4 4 8 2 2 4 4 2 2 4 4 2 2 4 2 4 4
2 2 2 2 2 2 2 2 2 8 2 16 2 2 2 8 2 32
64 4 2 4 4 4 2 4 2 8 4 64 4 2 2 2 2 8
2 64 16 2 2 2 4 2 4 4 4 2 2 16 2 2 2 4
2 4 4 16 64 2 8 2 8 2 16 2 2 2 2 2 4 16
11 21
32 2 64 4 8 2 2 2 4 2 4
2 16 8 32 4 32 2 2 4 4 2
16 2 64 4 2 2 4 8 4 4 2
4 2 2 2 2 8 2 2 8 2 4
4 4 8 4 4 8 4 4 8 8 2
2 4 2 8 2 16 2 64 8 2 4
8 4 8 2 2 2 4 128 2 2 2
8 2 2 4 16 16 4 2 2 8 2
2 8 2 16 4 4 4 2 4 2 8
8 2 2 2 2 8 32 2 2 4 2
16 2 2 4 2 2 2 2 2 16 2
7 16
8 16 4 16 2 8 2
32 16 2 2 2 2 2
4 2 16 4 2 32 4
2 32 2 2 8 16 4
4 8 4 2 16 2 2
4 4 4 8 2 2 2
8 2 2 4 4 16 8
9 49
2 2 2 2 8 2 8 2 4
16 2 2 2 2 2 2 2 2
2 64 128 2 2 2 4 4 8
4 2 8 4 8 8 4 4 64
8 16 4 8 2 16 2 4 2
4 2 4 16 32 2 4 8 8
2 2 2 4 16 8 2 2 8
2 2 4 8 2 2 2 4 2
4 4 16 4 8 2 4 4 4
19 7
4 4 8 16 2 2 4 4 2 2 2 4 2 2 2 4 4 2 4
4 4 4 16 2 4 2 8 32 2 4 512 4 2 8 8 2 2 2
4 16 2 2 2 8 2 4 4 2 2 2 2 2 8 2 2 2 4
8 4 4 2 2 2 8 8 2 4 2 4 2 2 4 4 4 16 4
4 2 4 2 64 4 2 2 4 2 2 64 4 4 2 32 16 2 32
2 8 2 2 32 32 2 16 2 2 4 2 2 4 16 4 2 8 4
4 4 4 32 2 2 8 8 16 16 2 4 2 2 2 2 8 4 2
2 16 2 4 8 4 8 2 2 2 2 2 2 2 2 8 8 2 2
16 2 2 4 8 4 2 4 2 2 2 2 2 2 2 2 4 2 8
2 2 16 4 2 2 2 8 2 2 4 2 2 2 4 2 4 4 2
2 2 2 2 2 2 4 32 2 8 32 128 4 4 2 8 4 4 8
8 2 2 16 4 4 4 2 2 2 16 8 2 4 8 2 2 4 2
8 2 4 2 4 64 2 4 4 16 8 16 2 4 4 4 4 2 4
2 4 4 2 2 32 4 4 8 2 2 2 4 2 8 2 2 2 8
2 2 8 4 4 2 8 8 8 4 4 2 4 2 2 4 2 2 2
64 2 2 8 8 2 2 2 2 2 4 4 2 4 4 8 4 4 2
2 2 2 2 2 8 16 2 4 16 4 4 2 2 2 4 2 2 2
32 2 8 2 2 2 4 2 4 4 2 4 32 2 2 2 32 2 8
16 4 2 8 2 4 2 4 2 2 2 8 4 4 8 2 2 4 8
17 41
2 2 4 2 4 2 4 4 4 2 8 2 8 2 8 2 16
2 4 2 4 4 2 2 16 4 2 4 4 4 4 4 2 2
2 16 2 2 2 8 4 4 2 2 2 2 2 4 2 2 8
32 32 2 2 8 8 64 2 8 2 2 2 64 16 4 8 2
2 4 64 64 2 16 2 16 2 4 2 4 4 2 2 4 4
2 2 2 2 4 8 2 2 2 4 2 64 16 2 2 8 4
32 2 16 2 2 4 2 32 2 2 4 4 2 4 64 2 2
2 4 16 2 4 4 32 2 4 2 2 2 2 2 2 2 4
4 4 4 2 2 4 8 2 4 2 4 2 2 2 4 4 2
2 2 4 128 16 4 16 2 2 4 16 16 2 4 4 128 16
4 4 4 2 8 2 4 4 2 2 2 2 2 2 8 4 2
4 2 2 4 2 4 4 4 4 2 2 4 4 2 4 2 4
2 2 16 2 4 2 2 2 2 2 2 2 2 8 128 4 4
2 2 2 2 2 2 2 2 2 4 2 2 8 2 4 4 256
2 2 2 8 4 32 2 2 2 2 2 4 16 4 2 16 4
32 4 2 2 4 4 4 32 4 2 2 8 2 4 2 16 2
8 16 16 4 16 2 2 128 2 2 16 512 2 4 4 8 2
2 31
2 2
8 4
8 46
2 8 16 4 2 2 4 4
2 2 32 2 2 2 2 4
16 2 2 512 2 8 32 8
8 4 2 16 16 4 4 4
4 2 2 4 32 4 4 4
2 4 2 2 2 32 16 4
2 2 16 64 4 4 2 8
2 2 2 8 4 2 2 4
12 4
2 32 2 8 8 32 8 2 2 8 2 2
2 2 2 4 2 8 2 8 8 2 16 2
8 2 8 2 2 2 2 4 8 2 8 4
2 4 2 8 4 2 2 4 4 32 4 8
8 2 8 2 4 4 2 4 4 4 2 2
64 4 2 128 8 32 2 4 2 2 2 2
4 16 8 8 2 16 2 16 2 8 4 2
2 2 2 4 32 2 4 8 8 2 2 2
4 2 2 2 16 32 16 2 2 4 2 2
8 8 4 8 2 8 4 2 2 2 4 8
2 2 2 2 64 32 1024 4 4 2 2 4
2 8 2 32 8 4 2 8 4 8 8 2
18 3
2 4 2 64 2 2 2 2 64 4 4 2 8 4 4 2 2 2
4 8 2 8 2 2 2 2 2 4 64 2 2 2 16 2 2 2
4 2 16 2 8 2 2 128 16 16 4 8 2 4 2 64 2 1024
2 2 2 32 2 4 2 2 2 2 4 2 2 4 2 8 2 2
2 16 2 2 2 64 8 16 2 4 2 2 2 4 32 4 4 2
2 32 2 2 4 8 2 2 4 2 8 4 8 8 256 8 8 2
2 4 4 4 2 8 4 2 2 8 2 2 16 2 2 16 2 2
4 2 2 8 2 2 2 2 4 8 2 2 2 2 2 128 8 2
2 2 4 4 4 2 4 4 8 4 2 8 4 2 4 16 8 2
2 2 4 2 8 2 16 4 8 2 2 2 4 16 2 2 2 4
2 4 2 4 2 2 2 4 2 8 8 16 2 2 2 4 4 4
4 2 2 8 2 4 2 2 2 4 32 8 2 8 8 2 8 16
8 2 4 2 4 2 2 2 512 2 8 16 8 2 4 2 2 2
2 2 8 2 2 2 512 2 16 4 8 4 2 2 2 8 4 2
2 2 2 4 2 2 2 4 4 2 4 2 2 4 4 2 4 2
2 8 2 2 2 2 4 16 2 2 2 8 2 4 4 2 4 4
2 4 4 2 2 2 2 8 4 32 2 2 4 2 2 2 4 8
4 2 8 2 4 2 4 2 4 4 2 2 2 4 2 2 2 8
5 16
2 2 2 2 2
2 4 64 4 2
2 4 32 4 2
2 4 2 8 4
16 64 8 2 2
7 4
2 32 16 2 2 2 4
16 2 2 4 2 8 2
2 4 4 4 2 4 2
2 2 8 4 2 8 2
2 4 8 2 2 2 4
4 4 64 2 16 2 2
2 2 2 2 2 4 4
