104
3 5
2 0 2
4 0 8
0 0 0
3 10
4 2 4
4 2 4
4 4 4
3 4
4 2 4
4 2 4
4 4 4
4 10
8 4 0 0
4 0 0 0
8 4 0 0
0 0 4 0
12 40
2 4 2 2 2 4 2 4 2 4 2 2
2 16 4 4 8 4 2 2 4 4 2 2
2 2 2 8 8 8 4 8 32 4 16 64
2 4 2 128 4 2 2 4 16 128 16 2
16 4 2 2 2 16 8 4 2 2 2 32
2 16 64 8 2 8 16 4 2 4 2 4
4 4 2 2 2 16 16 2 2 8 2 16
2 4 4 2 2 2 2 2 4 2 4 2
2 8 2 2 2 2 8 2 4 2 2 2
2 2 2 8 2 4 2 32 4 2 8 2
2 2 2 2 4 2 4 4 2 4 2 8
2 2 2 2 256 4 8 4 8 8 2 2
6 44
2 4 4 2 32 2
8 2 16 2 2 32
4 4 4 2 8 2
8 2 4 32 4 4
32 8 2 8 16 2
2 4 2 4 8 8
8 31
4 2 2 8 4 2 8 4
2 4 4 16 4 8 2 2
4 2 8 16 4 2 2 2
4 2 2 2 4 2 2 2
4 2 4 4 4 4 2 2
32 4 8 2 4 16 2 8
2 2 32 2 4 2 8 2
2 4 4 8 4 2 2 2
7 42
4 4 32 2 4 4 2
4 2 4 2 16 8 8
4 32 2 4 2 4 2
8 2 2 2 2 2 8
16 2 4 4 2 4 2
2 8 8 2 4 2 8
4 2 4 2 2 2 4
9 7
32 4 2 4 8 4 2 2 4
2 8 16 8 8 16 16 4 2
2 8 2 2 4 4 2 4 64
4 2 512 2 4 4 8 128 4
2 2 4 32 2 2 2 4 1024
2 2 2 4 16 2 8 2 4
2 2 2 16 64 4 2 4 2
64 8 2 2 8 8 4 16 2
64 4 64 8 2 4 2 2 2
5 49
2 4 8 2 2
16 2 4 2 8
2 2 4 8 2
2 2 16 32 4
4 16 8 8 8
13 46
2 8 4 64 8 2 64 4 2 2 4 8 2
8 4 2 16 2 4 8 8 4 2 2 2 4
4 2 8 4 2 4 4 2 32 2 2 8 16
2 2 2 1024 2 2 4 2 2 4 2 2 2
2 2 2 16 4 32 32 4 2 2 2 64 4
2 4 2 2 256 2 4 2 4 2 2 2 2
32 2 32 2 2 2 2 2 4 2 16 16 2
4 128 2 4 2 2 4 2 2 2 2 4 2
4 64 4 2 4 2 16 4 2 16 4 2 2
2 8 4 2 2 64 8 2 4 8 8 4 8
2 2 2 2 2 64 4 2 2 2 2 4 2
4 4 4 4 2 4 16 2 8 2 2 2 8
2 4 2 4 4 2 32 2 16 2 2 4 4
5 7
2 2 4 2 4
2 2 2 8 16
2 16 2 8 16
8 2 2 4 2
8 2 16 4 2
20 31
16 2 2 2 8 4 2 512 2 4 2 4 4 2 2 2 2 2 4 16
8 4 8 2 16 8 2 2 2 8 4 16 16 64 32 2 2 4 8 16
32 4 4 2 2 2 4 2 8 2 2 2 2 2 4 4 2 4 8 4
2 16 4 2 8 2 2 16 4 2 8 2 4 2 8 8 8 32 2 4
16 2 8 2 32 4 4 32 2 2 8 8 4 2 4 64 2 2 4 8
8 4 8 2 2 4 2 2 2 2 4 8 2 8 4 4 2 16 16 2
4 2 2 16 16 32 16 2 4 2 2 4 2 4 16 2 2 16 2 8
2 2 2 16 2 4 2 2 4 4 2 4 8 16 2 8 2 16 2 128
2 2 2 2 4 128 2 2 2 2 2 2 32 2 2 2 32 2 8 4
4 2 4 2 2 8 4 4 4 4 8 4 2 2 2 2 2 2 4 2
2 4 4 2 2 2 2 2 4 4 4 4 2 64 4 2 2 2 4 4
8 2 2 8 16 2 2 2 8 2 4 4 2 2 32 4 2 4 2 4
2 2 2 2 64 2 16 8 4 4 8 2 2 2 2 4 32 2 2 2
4 16 2 4 2 2 2 4 2 2 32 2 4 2 4 8 2 4 32 2
4 2 4 2 8 4 4 2 4 2 2 4 4 4 4 64 2 2 2 4
16 2 4 2 2 2 128 16 2 4 4 16 2 16 2 2 4 4 4 2
2 2 2 8 2 2 2 2 2 4 2 4 32 2 4 2 8 4 2 2
2 2 2 4 2 16 128 16 2 2 2 2 4 2 4 2 2 2 2 4
4 256 2 8 2 2 2 2 1024 8 2 2 8 2 4 4 4 2 4 2
2 2 4 2 4 2 4 4 4 2 2 2 2 2 2 2 2048 2 4 8
1 4
2
10 38
16 16 2 2 4 2 2 4 2 32
4 2 2 4 8 2 2 2 2 8
2 2 2 16 4 4 16 4 16 256
4 2 4 2 2 2 16 2 2 4
4 4 2 2 8 2 32 2 4 8
32 2 32 4 2 2 8 16 4 4
8 2 4 2 2 2 8 32 8 2
2 4 2 8 2 2 2 8 2 2
4 16 2 2 4 2 2 2 2 4
2 2 2 2 2 2 4 2 16 2
12 36
4 2 2 2 2 2 8 2 4 128 32 4
4 2 2 128 4 2 2 2 2 2 4 2
2 4 2 32 2 4 4 2 2 32 2 2
16 2 2 2 2 2 2 16 4 2 8 2
4 2 2 8 4 4 8 8 2 16 2 8
16 2 2 2 16 2 4 2 2 2 2 2
4 2 2 2 2 2 2 64 2 4 2 2
4 4 2 16 2 2 2 4 2 4 4 4
2 16 8 8 2 2 2 2 2 2 2 2
16 4 2 2 16 16 2 2 64 16 2 2
2 4 2 2 2 4 2 2 16 2 4 4
8 2 4 2 4 4 2 2 2 8 2 8
18 13
2 2 4 16 32 8 16 2 4 2 2 16 8 2 32 16 4 4
8 4 2 2 4 16 8 2 2 2 2 4 4 2 2 16 32 2
4 2 4 2 2 2 8 32 8 4 4 2 4 4 4 8 4 16
2 4 2 2 2 4 2 2 4 2 2 8 4 8 2 4 2 2
2 4 8 2 4 4 2 2 8 2 2 2 2 16 4 4 2 4
32 2 2 2 8 2 2 4 2 2 2 2 2 4 2 2 2 16
2 4 2 4 2 8 2 2 2 2 16 2 2 2 16 64 2 8
64 2 16 2 8 2 256 2 2 8 2 4 2 2 4 2 16 2
4 4 32 2 2 2 4 8 8 32 4 8 2 4 2 2 2 16
2 2 4 8 8 32 4 4 2 4 4 2 4 4 16 4 2 2
8 2 4 4 4 4 2 8 2 2 2 2 2 2 8 2 32 32
2 2 2 2 16 2 2 2 8 4 4 2 2 2 8 4 2 2
2 16 4 8 2 16 4 16 2 4 2 2 2 2 8 4 4 2
2 32 2 256 2 2 4 2 2 2 2 2 2 4 4 8 2 2
32 2 4 2 8 4 4 4 2 8 2 16 128 2 4 4 16 64
2 2 4 4 4 2 2 4 4 2 2 2 2 2 2 2 2 2
8 2 128 16 4 2 2 2 2 2 2 2 2 2 2 2 2 32
8 4 2 2 2 4 4 2 2 16 2 2 4 2 2 16 2 4
2 11
64 2
2 4
15 1
2 4 2 4 2 2 2 2 8 2 2 2 2 2 16
32 2 32 2 2 2 4 2 8 2 2 2 8 16 16
16 2 2 2 512 2 2 32 2 16 8 8 4 2 4
4 256 4 2 32 2 2 2 2 8 64 8 4 2 2
8 4 4 2 2 2 2 4 8 2 2 64 2 4 4
2 2 8 32 4 4 4 32 16 2 2 8 2 2 4
64 2 2 2 2 2 8 4 2 8 2 16 8 2 2
4 2 64 4 32 16 2 4 4 2 2 4 2 64 4
8 256 4 2 128 32 2 4 2 2 2 4 32 2 8
4 4 2 2 8 4 2 2 2 4 8 2 2 2 2
2 2 4 4 2 8 8 4 2 8 2 2 4 8 2
4 2 16 2 2 8 2 2 2 4 2 2 2 8 2
2 2 8 2 16 8 4 2 4 2 2 4 4 2 64
4 2 2 4 4 2 2 4 32 8 4 2 2 2 64
16 8 4 4 4 2 2 64 2 2 16 2 4 2 8
1 11
2
12 12
2 2 8 2 4 2 2 4 64 2 2 2
2 16 2 4 2 4 16 4 8 8 8 4
4 2 2 64 8 2 16 2 32 2 2 2
16 2 2 4 2 8 32 4 2 2 4 2
8 16 4 2 4 4 2 4 2 8 2 8
2 2 2 4 2 16 8 2 4 16 2 4
2 2 8 2 4 2 2 64 8 2 8 2
8 8 4 2 2 2 8 2 16 4 4 2
32 4 2 2 64 16 16 1024 4 2 2 4
2 8 2 4 2 2 2 2 2 8 2 2
4 2 8 4 2 4 16 4 2 4 2 4
8 8 2 4 16 2 2 2 4 2 4 4
11 38
32 2 4 8 4 2 2 2 4 2 128
2 2 2 4 2 32 2 4 4 8 2
2 2 2 4 2 8 4 8 2 2 4
16 4 8 64 2 2 4 4 8 2 4
8 4 16 2 2 4 4 2 2 8 8
2 4 16 2 8 8 4 4 2 2 4
2 8 2 2 4 16 4 2 2 4 2
2 2 64 2 8 4 8 16 4 2 16
2 2 8 128 128 4 2 2 4 2 4
4 8 2 2 8 2 8 8 8 8 2
2 2 2 2 4 2 4 2 2 4 4
5 31
32 32 2 2 2
2 4 4 2 32
2 8 2 4 8
2 4 2 2 2
4 4 2 16 4
13 38
2 2 2 2 2 32 2 2 16 2 8 2 64
2 16 2 2 2 4 2 16 2 2 4 8 2
4 16 8 2 4 2 2 4 2 4 16 2 2
2 4 2 2 4 2 2 2 16 2 2 2 32
8 2 2 2 4 2 2 2 4 2 8 2 4
2 2 2 8 8 2 2 2 2 2 32 4 2
4 4 4 2 2 2 16 2 2 4 4 16 4
2 2 2 4 8 8 2 2 4 2 2 4 2
8 2 4 16 2 4 4 4 2 2 2 4 2
16 32 512 2 4 4 16 2 2 2 2 2 8
4 2 16 16 2 2 2 32 4 4 2 2 2
2 16 4 2 4 2 8 2 2 16 2 2 32
2 32 2 4 4 2 2 16 4 2 8 2 2
6 50
8 2 2 2 2 2
2 8 8 2 2 2
2 8 8 2 64 2
2 4 4 4 4 2
4 2 2 8 8 2
2 8 2 2 16 8
8 11
4 2 2 2 2 4 2 2
4 4 2 2 2 4 2 2
4 2 8 2 2 2 2 16
4 32 32 2 2 2 8 8
4 8 4 16 4 4 4 4
2 2 2 2 4 4 2 2
8 2 2 2 2 8 2 8
2 2 4 4 8 32 2 4
17 40
4 4 2 2 2 2 2 2 4 4 2 2 2 8 4 2 2
4 2 2 2 8 2 4 16 4 2 8 64 2 2 2 4 16
2 4 4 4 2 2 8 2 8 2 64 2 2 2 4 2 2
4 2 4 4 2 2 8 2 16 16 16 8 2 2 8 16 2
2 2 2 2 8 4 4 2 4 2 4 4 2 2 2 2 4
8 2 4 2048 16 2 4 2 4 2 2 4 4 2 2 2 2
2 32 2 2 2 2 2 4 256 2 2 4 4 4 16 2 32
2 2 2 2 16 4 2 2 2 2 4 8 4 2 8 32 2
2 2 4 4 2 16 2 2 2 2 8 16 2 2 8 4 2
2 2 16 2 4 2 2 8 2 8 2 8 2 4 2 2 32
2 2 64 2 64 2 16 4 2 2 4 2 4 8 2 4 2
32 2 2 4 8 2 2 2 2 2 16 2 4 2 2 2 4
4 32 8 16 4 2 4 2 2 2 4 32 2 2 2 16 2
4 2 2 2 8 2 2 2 2 16 2 32 2 2 4 2 4
4 2 2 8 16 4 2 4 2 16 2 4 128 2 8 2 2
4 8 2 2 4 2 2 2 2 2 2 2 64 4 2 4 32
4 2 2 2 2 4 16 8 2 256 4 8 32 2 4 4 2
2 45
2 4
2 2
9 49
2 128 2 2 8 4 16 2 2
2 2 8 2 2 2 2 2 4
2 4 8 2 8 2 2 4 2
4 4 2 32 32 4 2 2 2
4 2 4 4 4 2 16 2 1024
8 2 2 2 4 2 2 2 2
4 4 2 8 2 2 8 2 2
2 16 16 4 2 2 8 4 4
4 16 2 2 16 4 2 2 8
16 41
2 8 2 4 8 2 4 4 2 4 2 8 8 2 2 8
16 4 4 4 16 128 4 2 2 4 4 2 16 2 4 8
8 2 2 512 2 2 2 2 2 32 2 16 4 2 2 4
4 4 2 4 2 2 2 2 8 4 8 2 2 4 4 8
2 2 2 2 64 2 8 4 8 4 2 2 2 64 4 64
2 16 2 2 2 2 16 2 2 4 1024 8 2 4 2 2
2 8 2 2 2 4 2 2 2 2 8 2 8 8 4 4
2 8 2 4 4 2 2 64 2 2 8 4 2 4 2 2
2 2 4 4 8 8 2 16 2 16 4 4 2 8 2 4
2 2 16 2 2 8 4 2 4 2 2 2 2 4 8 2
2 2 8 4 4 4 8 2 4 8 8 4 2 2 2 8
8 16 2 2 16 4 16 2 4 16 2 8 128 4 2 16
2 2 4 2 2 64 2 2 2 2 32 2 2 2 8 4
8 4 4 32 4 2 2 4 8 4 4 2 16 4 8 4
2 4 8 2 8 2 2 8 4 2 4 2 2 4 4 4
2 4 8 2 4 2 2 2 2 4 2 2 4 2 4 4
15 23
2 8 8 2 2 8 8 16 8 4 2 2 2 2 2
2 8 16 2 8 2 32 2 2 4 2 2 2 32 4
16 4 4 4 8 2 2 2 4 8 2 8 2 2 8
32 4 2 2 8 8 16 32 8 4 2 8 4 2 256
4 4 2 4 64 2 4 8 8 4 4 8 4 2 2
8 4 4 2 8 2 4 2 2 8 2 8 4 2 2
64 2 8 2 2 2 4 4 2 2 8 2 2 8 16
16 32 8 4 2 2 4 4 2 2 16 2 2 2 4
2 2 16 2 4 4 16 2 16 2 4 32 2 2 2
8 2 32 2 4 16 16 32 2 4 4 64 8 2 2
4 32 4 4 2 2 8 16 4 2 4 2 8 2 8
2 16 2 4 2 32 4 2 16 4 128 2 2 2 8
4 4 2 2 2 4 2 2 8 8 2 4 4 2 4
2 4 2 4 2 8 2 4 4 4 4 16 4 4 2
2 2 2 8 2 2 4 4 8 4 2 8 2 2 16
8 33
8 2 4 16 4 8 4 2
2 8 8 2 64 2 8 4
4 2 32 2 2 2 2 2
4 2 32 8 2 64 8 4
16 8 4 4 4 8 2 2
2 8 2 2 4 32 8 4
4 2 4 2 4 4 2 2
4 2048 2 8 2 32 2 16
4 44
64 2 4 2
4 2 2 2
2 2 4 32
2 2 16 2
18 17
2 4 4 4 4 2 2 16 4 2 4 8 2 4 4 2 8 16
2 2 2 8 2 4 4 8 16 2 16 2 2 8 8 2 2 8
4 2 2 4 2 4 16 2 4 2 2 8 4 2 2 4 2 2
2 2 16 2 2 1024 2 4 2 256 8 2 2 2 2 2 2 4
4 2 4 2 2 2 2 2 2 2 8 32 2 2 2 4 2 2
4 4 8 2 8 8 4 2 2 2 2 4 2 2 2 4 2 4
2 4 8 2 2048 4 4 2 8 2 2 2 4 2 2 2 4 2
8 2 2 16 2 2 4 8 2 2 2 32 2 4 4 32 8 4
2 2 32 2 2 8 4 2 32 2 2 2 8 4 8 64 2 2
4 2 2 2 2 4 32 1024 2 8 4 4 8 2 2 4 16 32
2 8 4 2 2 32 2 2 8 4 2 2 2 2 8 32 8 4
2 4 2 32 2 2 8 8 4 2 512 2 4 16 2 4 2 2
16 2 4 4 16 2 32 2 2 2 2 8 8 8 2 2 2 8
4 2 4 2 4 2 2 2 4 8 8 2 16 4 2 2 2 8
4 2 4 4 4 4 128 2 8 2 4 2 2 2 2 4 2 4
4 2 4 4 8 2 4 2 4 4 4 2 2 8 2 4 4 2
2 4 4 4 2 4 16 2 2 4 4 8 2 2 8 2 2 8
4 2 2 4 8 4 8 2 2 2 2 2 8 4 2 8 16 16
19 4
16 8 4 2 512 4 2 2 16 2 8 4 2 4 8 64 16 8 4
2 2 2 4 16 4 8 2 4 2 64 4 2 2 4 2 32 2 16
2 8 4 2 2 2 4 4 2 2 2 16 4 2 8 8 4 2 2
4 2 2 8 4 2 2 2 2 4 8 16 2 2 4 4 2 4 4
2 2 2 8 4 4 512 2 4 2 8 8 2 2 2 8 4 2 2
2 4 2 4 2 8 4 4 2 8 4 16 8 2 2 4 32 16 16
2 2 2 16 4 16 8 2 2 4 4 8 2 2 2 8 4 2 8
8 4 8 8 2 4 8 2 4 2 8 4 2 2 4 4 4 4 8
2 4 16 32 4 4 2 2 2 4 16 8 4 4 8 32 8 32 2
32 16 256 2 2 4 2 2 2 16 2 4 16 2 4 2 2 4 4
2 2 2 2 2 128 16 2 8 4 2 8 8 4 4 4 2 8 16
8 4 4 2 8 2 2 2 4 16 2 2 4 2 2 32 8 4 2
2 8 2 4 2 2 4 2 128 8 8 2 4 64 4 8 2 2 4
32 2 4 2 4 2 2 2 8 16 2 4 4 64 4 16 4 4 2
4 2 2 4 2 2 2 2 4 8 4 2 2 4 2 4 2 2 32
4 2 4 2 2 2 8 4 8 16 8 4 2 2 8 4 2 2 8
2 2 2 64 4 2 4 4 2 32 16 4 2 2 4 4 2 4 4
2 2 16 2 16 2 16 4 8 2 2 8 2 4 32 2 8 8 4
8 2 4 2 2 8 4 2 2 2 4 2 4 2 2 2 512 8 4
20 49
32 4 8 2 4 2 2 8 2 2 2 2 2 2 2 4 4 16 4 2
2 16 2 2 4 2 16 2 16 64 2 2 2 2 2 4 64 4 2 8
4 16 4 2 4 4 2 2 4 2 4 16 8 2 8 64 2 4 4 16
2 8 8 2 8 2 16 4 4 4 2 2 32 2 8 2 32 2 2 8
2 2 4 2 4 2 16 4 4 1024 8 8 16 4 2 2 32 2 4 2
2 4 8 2 4 8 2 4 4 2 2 4 64 4 2 4 2 8 2 4
4 4 4 2 2 8 16 4 2 4 4 2 2 8 2 4 2 2 8 4
2 2 4 2 2 4 2 4 2 4 32 2 4 2 4 8 8 16 4 2
2 4 128 16 2 4 2 2 4 2 16 2 8 2 8 4 64 2 4 2
4 8 2 4 4 4 2 4 4 4 4 2 2 2 8 8 16 8 2 8
16 256 4 8 2 8 64 2 4 2 4 4 2 4 2 2 4 4 2 4
2 16 8 512 4 4 2 16 4 2 2 4 32 4 16 2 2 32 2 4
8 8 4 4 2 2 2 4 4 2 2 2 8 2 8 2 8 4 2 2
8 4 2 2 4 256 2 4 2 2 8 2 2 2 2 16 16 4 4 4
2 4 2 2 2 2 16 4 4 8 8 4 4 32 2 32 4 16 512 2
16 4 8 4 256 2 16 2 8 4 2 8 4 2 2 16 128 4 32 2
2 8 4 4 2 32 8 2 2 8 8 2 2 32 2 4 2 64 2 2
2 8 8 2 4 2 2 2 2 16 8 4 4 2 8 2 2 4 2 16
2 4 2 2 4 2 4 2 2 2 2 4 8 16 16 2 8 2 8 2
2 2 4 4 4 4 8 2 2 8 2 2 8 4 2 2 2 2 4 2
16 2
8 2 4 4 8 2 2 8 8 4 2 2 4 4 2 2
2 4 4 4 2 2 2 2 4 64 2 8 2 8 2 16
4 2 32 2 2 16 2 2 8 2 4 2 4 16 2 2
8 8 8 2 4 4 2 2 8 32 2 4 2 2 4 16
2 2 2 4 2 2 2 2 2 8 16 2 8 8 2 2
2 2 8 32 4 16 4 2 4 2 4 4 4 8 4 8
8 2 4 2 2 4 2 2 2 32 2 8 2 2 8 4
4 2 2 2 2 2 8 2 16 4 2 16 2 2 2 4
16 8 2 4 2 8 2 4 512 2 2 2 4 2 2 8
32 2 2 4 2 4 16 32 8 4 16 2 2 2 8 2
2 2 4 2 4 4 8 2 2 4 4 2 2 8 4 2
8 2 4 2 2 2 2 4 4 16 8 2 2 2 2 4
2 4 2 2 2 2 2 2 4 2 2 2 32 2 2 2
32 2 4 2 4 2 4 8 2 2 2 4 8 2 4 8
2 2 16 2 4 64 2 2 8 8 2 8 2 2 2 16
2 2 4 4 2 2 4 8 2 4 2 2 4 4 2 32
5 48
2 8 512 2 2
2 2 16 4 64
2 64 8 8 32
2 2 4 2 8
2 4 4 32 2
5 30
2 2 2 4 16
2 4 8 2 2
2 4 2 16 2
2 2 2 32 2
2 2 2 8 2
9 28
2 4 4 2 8 2 16 4 8
4 8 4 8 16 4 2 2 8
8 2 4 4 16 16 4 2 2
2 2 2 64 2 4 2 2 4
4 4 4 4 4 2 2 32 2
8 64 4 4 2 2 16 2 8
2 2 8 16 8 8 4 32 2
128 2 128 2 2 4 8 4 2
2 2 2 2 2 2 2 4 2
4 24
2 2 4 8
8 2 4 2
2 2 4 2
8 2 2 64
11 39
8 2 8 32 16 2 8 4 8 2 4
2 2 2 2 2 2 64 2 4 4 2
2 8 8 8 32 4 4 8 2 16 4
4 8 2 4 32 8 8 4 4 4 8
8 2 4 2 4 128 2 2 4 8 4
2 8 2 2 2 4 32 2 4 2 2
2 4 4 2 8 2 2 2 32 4 8
16 4 2 2 8 2 2 4 8 2 2
4 2 2 2 2 4 8 8 2 2 4
2 2 8 4 2 2 2 2 4 2 2
32 4 2 2 4 16 2 8 2 64 4
13 49
8 2 8 2 2 2 2 8 16 2 4 32 32
4 2 2 2 4 8 64 4 4 2 2 4 8
8 4 2 2 2 4 2 1024 4 128 2 4 8
4 64 16 2 4 16 8 4 2 2 4 8 2
2 2 8 2 4 16 4 2 2 4 2 2 256
4 32 4 4 8 2 2 2 2 4 2 32 2
2 2 4 4 4 4 2 2 2 4 4 4 2
8 4 2 2 2 16 32 4 2 2 2 4 2
2 2 2 2 2 8 4 2 2 2 2 16 4
2 16 4 16 4 4 4 2 2 16 8 4 16
16 4 2 16 2 2 2 2 4 2 2 16 2
2 8 2 8 4 4 4 2 4 2 2 16 2
2 4 4 4 2 2 4 2 2 4 2 2 2
8 37
2 4 4 2 4 8 8 4
4 8 8 4 8 2 8 8
32 2 4 2 4 2 2 2
4 8 2 4 2 32 2 2
16 2 2 2 2 2 4 2
4 2 2 2 2 4 8 4
2 2 2 4 2 4 4 2
4 2 2 2 2 2 256 2
19 29
2 2 4 128 16 2 2 2 2 2 64 256 4 2 2 4 4 32 2
2 2 16 8 2 8 4 2 2 2 2 4 2 8 2 16 2 4 2
16 8 8 2 2 2 2 2 32 2 4 4 2 8 64 2 8 2 2
32 2 8 128 2 2 8 2 8 16 8 2 8 2 2 2 8 4 16
4 8 4 4 2 2 2 2 2 16 2 4 4 2 4 2 8 2 4
2 2 16 2 8 2 4 2 8 2 2 2 2 2 8 2 64 16 4
2 2 16 2 2 8 2 8 8 2 8 4 2 16 2 2 4 8 2
8 4 4 2 2 2 4 4 8 2 2 2 2 8 4 4 4 4 2
2 8 2 2 4 2 2 2 2 8 2 4 2 2 4 8 4 2 2
16 2 16 8 4 2 4 2 4 4 2 2 2 4 4 2 32 2 2
4 2 128 2 2 2 2 4 2 2 4 2 4 4 4 2 2 128 2
4 2 16 2 8 8 2 2 16 8 4 2 4 4 8 2 2 2 2
8 16 8 4 2 4 4 8 4 2 2 4 2 2 4 2 32 4 4
32 2 2 4 16 16 4 2 2 32 8 2 2 32 4 8 4 4 2
8 2 2 2 2 2 2 2 2 2 2 4 2 16 4 2 8 8 2
4 4 8 16 2 8 2 8 8 2 4 512 4 4 2 2 2 8 2
32 2 64 32 2 8 2 4 2 4 2 4 4 2048 2 4 2 4 4
8 2 4 8 16 4 4 4 2 2 2 4 4 2 2 2 2 64 2
2 2 4 2 2 16 2 2 2 4 4 16 64 2 4 4 8 2 4
11 41
4 4 16 4 4 2 4 2 2 8 2
2 8 2 8 4 2 2 2 256 2 16
2 4 128 8 2 2 2 2 2 2 2
4 2 2 4 16 4 256 4 2 2 4
2 2 2 2 16 2 2 64 8 2 4
4 4 2 2 2 2 4 2 2 2 2
4 2 4 64 16 16 4 2 4 4 32
4 2 2 4 4 8 4 2 512 8 2
2 2 4 4 2 4 2 2 8 2 2
2 512 4 64 2 32 2 8 16 8 2
16 4 2 4 2 2 2 2 16 4 2
14 4
8 8 2 2 16 4 2 4 128 4 2 8 2 2
2 16 4 2 4 2 4 8 4 2 2 2 16 4
8 2 2 2 2 2 4 2 2 16 32 2 2 4
2 2 2 2 8 16 2 4 2 8 2 8 4 2
4 8 2 4 4 4 2 4 8 4 8 2 2 4
2 4 8 2 8 8 4 4 4 2 2 2 2 2
4 4 256 2 4 16 2 4 4 2 2 4 8 2
4 8 2 8 2 2 4 2 2 2 2 8 4 2
4 4 16 32 2 8 2 4 4 4 2 4 2 2
8 2 2 64 8 2 4 2 16 2 2 2 8 8
4 4 16 2 8 2 4 8 8 4 2 32 4 2
8 2 16 4 4 4 2 8 4 16 16 2 8 4
2 2 16 64 2 2 2 4 8 256 4 4 8 8
2 2 2 4 2 8 2 2 4 4 2 4 4 64
18 23
4 8 4 2 4 8 4 4 2 4 2 4 2 2 4 16 2 2
4 2 4 4 4 16 2 2 16 128 4 2 2 4 2 2 16 2
2 4 2 2 2 2 16 2 2 2 2 2 8 2 32 8 8 2
2 4 2 2 8 2 2 2 128 2 16 2 4 2 2 8 2 8
2 32 4 4 2 4 2 32 4 4 4 4 8 2 4 16 2 4
16 4 4 2 2 4 2 4 4 2 2 4 128 2 2 2 4 4
16 2 8 8 4 64 2 2 2 32 2 2 4 2 2 2 32 2
4 16 2 2 2 4 2 8 4 4 2 2 2 2 2 2 4 4
4 2 8 2 8 2 2 2 128 2 8 2 2 2 2 2 2 4
4 2 2 2 8 32 2 2 4 2 4 2 2 2 2 4 2 4
4 8 2 16 8 4 2 2 4 2 2 2 2 4 2 2 2 8
16 2 2 32 32 2 2 4 2 16 32 8 8 16 2 4 2 2
2 16 4 4 2 2 2 4 4 4 2 2 2 8 8 32 512 32
4 4 2 2 2 2 2 2 8 4 4 2 4 2 2 8 4 2
2 4 2 2 16 2 8 64 4 2 2 2 2 8 2 2 2 4
8 2 4 4 512 16 4 2 2 2 4 2 4 8 4 2 8 2
2 2 4 2 4 2 2 8 8 64 128 2 2 4 2 4 2 4
2 2 8 2 2 8 2 4 16 2 4 4 4 2 2 32 4 8
2 41
8 2
2 4
14 22
8 16 16 8 4 2 2 2 2 2 2 2 4 4
2 4 8 8 2 32 4 2 2 2 2 2 256 2
4 8 2 8 2 4 4 8 4 4 2 2 4 2
16 2 32 8 4 2 4 8 32 8 2 8 128 4
16 4 4 2 2 2 4 16 32 8 2 4 2 2
2 2 2 2 8 2 2 2 4 2 4 4 4 2
2 4 8 2 4 16 8 2 8 4 2 2 8 4
2 4 4 2 2 2 2 2 2 128 4 2 4 2
2 2 4 4 4 2 2 4 2 128 4 2 2 16
2 2 256 32 8 128 8 4 4 8 8 2 2 2
4 2 4 2 2 4 2 2 2 2 2 2 4 2
4 2 2 4 4 4 4 8 2 4 8 4 2 8
2 2 2 8 4 16 8 4 8 4 4 4 2 4
4 8 2 2 128 2 2 16 512 2 2 4 16 2
2 43
2 16
4 4
4 45
8 16 2 32
2 2 4 4
4 4 8 4
2 2 32 2
1 27
8
19 8
4 2 2 2 8 4 8 32 2 2 2 4 4 2 4 4 2 8 2
4 2 8 2 4 2 2 2 2 2 2 2 8 8 2 4 2 2 2
8 4 4 2 2 4 2 2 2 4 16 32 2 2 2 8 2 16 4
8 4 2 16 4 4 2 4 2 2 2 4 8 2 4 4 16 2 4
2 2 2 2 2 8 2 2 2 2 16 4 4 2 2 8 2 128 2
2 2 2 2 2 16 4 16 2 2 2 8 4 2 2 4 4 2 128
2 4 2 16 16 16 8 4 4 8 2 4 2 2 4 2 8 2 2
8 2 16 2 2 4 16 4 2 4 8 8 2 2 2 4 2 16 2
16 2 4 2 2 4 2 4 2 4 2 4 16 2 8 4 2 8 2
2 2 4 2 2 4 16 4 2 32 4 2 32 2 2 2 4 32 2
2 2 32 16 32 2 4 4 2 4 8 2 2 4 2 2 4 4 32
2 2 2 2 2 4 4 64 2 8 2 2 2 128 4 4 2 16 2
8 2 2 2 4 4 2 4 4 2 256 4 4 8 2 4 8 4 16
2 2 2 8 2 4 256 4 4 2 2 4 4 4 8 2 2 2 2
2 2 4 2 4 2 8 2 2 4 2 1024 2 2 8 4 2 2 2
2 8 2 4 2 2 2 2 2 4 4 2 4 2 8 4 16 2 2
2 2 8 4 8 2 32 16 2 16 2 4 2 2 8 8 16 16 2
2 4 8 2 4 16 2 4 2 4 4 2 4 2 4 16 4 2 4
2 2 8 8 2 4 32 4 4 2 4 2 4 2 8 2 4 2 4
14 19
64 2 2 8 4 2 2 2 32 16 16 2 2 2
2 2 2 4 2 2 2 4 2 8 8 2 2 8
8 2 4 4 4 4 2 2 8 4 2 2 2 8
4 2 2 4 4 4 2 64 4 2 2 16 2 8
4 2 2 2 2 2 4 4 32 2 2 2 4 64
16 16 2 2 2 2 16 2 2 2 2 8 4 2
2 8 2 2 8 4 4 4 2 8 4 4 2 2
2 16 4 64 2 2 2 2 4 2 2 4 8 2
2 2 4 8 2 2 2 2 2 2 4 8 4 2
16 4 2 2 4 2 2 8 2 2 2 4 2 4
2 8 512 4 2 2 2 2 2 8 2 2 4 2
2 4 2 2 2 16 32 2 2 2 2 4 2 2
8 8 256 4 16 64 4 2 2 32 2 16 2 16
2 4 32 8 4 4 4 4 2 2 32 2 4 4
20 50
2 16 2 2 2 2 2 16 4 2 2 8 2 2 4 2 4 2 4 2
2 2 2 4 2 4 2 4 2 2 2 2 4 2 2 16 4 2 4 2
2 256 2 2 2 2 4 2 2 2 32 2 16 2 2 2 2 128 4 2
2 2 4 2 32 2 2 2 32 16 4 2 4 2 8 2 2 4 8 4
2 2 4 8 16 2 2 32 256 2 2 16 8 4 2 32 2 2 2 8
2 2 2 4 64 2 4 2 2 2 2 2 2 32 2 2 4 16 2 2
4 2 8 2 8 2 2 2 2 2 16 16 8 2 2 64 2 2 4 4
4 128 2 4 2 2 2 2 16 4 2 8 2 2 4 2 2 8 2 2
2 2 2 4 2 4 2 2 8 4 2 2 4 2 2 8 16 2 8 2
2 4 2 4 2 2 8 16 4 16 4 4 2 4 4 32 2 4 4 4
4 8 2 16 32 2 2 4 2 2 2 2 2 8 2 2 8 2 32 32
4 8 2 4 2 128 8 4 2 2 2 8 4 16 4 2 2 8 8 2
2 4 4 2 2 4 16 4 4 4 2 64 2 4 2 8 2 2 16 4
2 2 2 2 4 4 4 2 2 64 2 2048 4 2 2 4 2 2 2 2
2 4 2 2 2 2 2 8 2 2 16 2 8 2 8 4 4 4 4 2
8 8 2 4 2 2 2 8 8 2 16 2 8 4 2 4 8 2 4 4
4 2 2 4 4 4 4 8 4 2 2 8 2 32 4 2 32 8 2 4
8 2 8 2 16 512 2 2 2 8 2 2 4 2 8 8 2 16 2 2
2 4 2 8 2 4 4 2 8 8 2 4 2 8 2 2 2 2 4 4
2 4 8 2 4 4 2 4 4 2 2 4 2 2 4 8 2 4 8 8
18 16
2 4 2 2 8 2 4 8 32 2 4 2 2 2 256 128 8 2
4 2 4 16 4 2 2 4 2 2 2 2 32 2 2 8 2 2
2 2 2 8 2 4 2 2 32 2 2 2 32 2 2 2 2 4
8 4 4 2 2 2 2 4 2 2 2 2 8 2 2 4 8 8
2 2 2 2 2 2 2 2 4 2 2 32 8 2 2 2 2 2
8 8 4 4 2 2 2 8 2 4 2 2 2 2 2 4 2 8
2 2 2 4 4 4 8 2 2 4 2 2 2 2 2 4 2 2
8 64 2 2 4 4 4 8 2 2 16 2 2 2 2 4 4 4
4 4 8 2 16 2 4 256 2 2 2 4 8 16 4 4 2 8
16 2 4 2 2 4 8 8 2 4 2 16 2 2 2 16 8 2
2 2 2 8 2 64 4 2 2 2 2 4 16 2 2 4 4 2
4 2 16 2 2 16 8 2 16 2 4 16 2 8 32 2 4 4
4 2 16 2 4 2 2 8 2 8 2 2 16 32 4 8 8 2
2 2 2 8 2 2 2 16 4 8 2 4 4 8 4 8 2 2
2 2 2 8 2 8 64 4 4 8 2 8 4 4 2 4 4 4
2 8 4 4 2 4 2 32 2 8 2 2 2 8 2 4 2 32
8 4 2 4 4 2 8 2 8 4 2 2 4 2 2 2 4 2
2 2 4 2 2 8 4 2 2 8 2 8 8 4 16 4 2 4
3 8
4 4 8
16 8 2
4 8 2
4 19
2 2 4 2
2 4 2 4
2 2 4 8
8 2 2 2
16 30
8 4 4 2 2 4 2 4 2 2 2 4 2 2 2 2
8 4 4 8 4 4 8 2 2 128 2 2 32 32 2 2
2 2 2 2 4 2 2 16 2 2 2 4 2 2 2 2
8 8 2 4 2 32 2 2 2 2 2 4 4 8 2 32
64 4 2 2 2 4 2 2 2 2 2 16 2 4 2 4
4 2 2 4 16 16 2 2 4 4 2 2 4 2 4 16
2 16 4 2 2 4 2 4 2 2 8 16 2 2 4 4
4 2 2 2 2 2 4 4 4 8 16 4 2 2 4 2
16 2 4 8 2 2 2 8 8 2 4 8 16 4 4 2
32 8 4 2 8 2 16 2 2 4 2 8 32 2 2 2
8 4 4 2 8 8 32 2 2 2 8 2 2 2 4 128
2 2 2 4 2 2 2 32 2 2 4 2 2 4 32 4
2 4 2 4 4 16 2 2 4 4 4 32 2 16 2 2
4 16 2 4 2 8 512 4 2 2 2 2 16 2 2 8
2 2 4 2 16 2 2 4 2 2 2 2 2 2 64 2
4 32 4 4 64 2 4 1024 2 8 2 2 2 8 4 2
6 14
2 2 4 2 8 4
2 4 2 8 2 4
2 2 4 16 32 8
4 2 2 2 8 2
2 8 8 4 2 4
2 4 4 2 4 16
11 24
2 2 2 4 2 2 2 4 2 2 64
8 2 2 2 2 2 4 4 2 4 8
8 2 2 2 2 8 8 2 2 4 2
4 2 2 8 4 16 16 2 2 4 2
2 2 2 4 8 4 4 2 2 2 4
2 2 2 2 8 16 16 8 8 2 2
2 2 2 64 2 4 2 4 16 8 2
2 4 32 2 4 4 2 64 2 2 2
4 4 2 8 2 2 4 2 2 2 8
2 2 2 2 2 2 2 2 16 2 32
4 2 2 2 2 4 2 2 4 16 2
5 22
4 16 2 2 2
2 4 2 4 2
4 4 2 2 4
2 2 2 4 2
2 2 4 2 64
1 32
2
19 3
4 8 32 32 16 2 8 2 2 16 2 64 8 4 16 8 4 2 4
8 2 4 4 2 4 2 4 2 4 2 16 512 2 2 8 4 2 2
4 2 16 4 4 2 2 2 2 2 32 8 2 2 2 2 4 4 2
2 32 4 32 32 2 2 2 4 2 2 2 2 8 4 2 4 2 2
2 4 4 2 64 8 2 2 4 4 2 2 2 2 4 16 4 2 8
8 2 2 2 8 2 2 8 2 2 2 8 16 8 2 2 4 4 2
8 2 2 4 2 16 4 2 2 8 2 8 64 2 2 2 32 2 32
4 2 4 4 2 2 2 2 2 4 2 8 2 4 2 8 2 4 4
2 2 4 2 2 8 4 2 4 4 8 1024 2 2 2 4 8 64 4
2 4 8 16 4 2 2 2 64 2 4 2 64 2 2 8 2 2 2
2 4 16 4 4 8 2 2 2 16 4 2 32 4 2 4 2 4 4
2 8 2 2 2 2 4 2 2 2 16 4 16 2 4 2 4 4 2
4 2 2 4 4 4 2 2 2 2 8 2 8 4 2 4 4 2 2
2 8 4 4 2 4 2 4 4 8 2 8 2 4 128 2 2 4 2
2 2 2 8 4 2 4 2 4 2 2 2 4 4 4 8 2 2 2
2 32 2 2 2 2 2 16 2 4 16 8 4 2 2 4 2 4 4
4 16 4 2 8 8 2 2 4 4 2 8 2 8 2 2 2 4 2
2 4 2 4 4 4 4 8 2 16 2 2 4 8 2 2 2 4 2
4 2 64 2 2 16 4 8 2 2 4 8 8 2 4 2 2 2 2
1 44
4
11 46
2 2 16 2 4 4 8 4 2 2 4
2 2 8 2 4 4 2 2 4 8 4
2 2 2 2 2 2 4 2 256 2 2
4 4 2 8 2 8 2 2 2 4 2
4 4 2 2 4 2 2 4 32 2 8
8 2 2 2 2 2 2 8 2 4 4
8 8 2 2 16 8 2 2 256 16 2
8 8 2 4 4 2 2 2 4 2 4
128 2 4 2 4 4 8 32 2 2 4
2 4 4 8 8 2 8 2 2 4 2
2 2 4 4 32 2 2 4 2 8 2
6 27
8 2 2 32 8 2
2 8 16 4 8 8
2 2 2 4 2 8
2 8 2 16 8 4
2 2 2 2 4 4
32 4 4 4 8 4
20 30
4 4 8 8 2 2 64 2 8 2 4 4 2 2 2 2 2 2 2 2
16 8 4 2 2 2 2 4 2 4 2 4 4 2 8 8 2 2 4 4
8 2 4 2 16 2 8 512 2 4 4 8 2 16 8 2 2 4 4 4
4 4 8 2 4 2 8 2 2 4 4 2 2 8 16 8 32 2 2 4
8 8 2 2 32 4 8 2 2 16 8 8 2 4 4 4 8 2 4 4
2 2 64 2 2 4 2 2 8 4 4 2 2 8 2 4 2 4 2 4
2 2 32 8 16 4 2 2 8 4 2 16 4 2 8 16 2 2 2 2
4 4 16 2 32 2 2 2 4 4 16 4 2 2 4 4 2 2 8 2
2 4 4 2 1024 2 2 4 2 2 16 2 8 2 2 2 8 2 2 2
4 2 8 2 2 8 2 2 2 2 8 2 4 8 2 4 16 4 2 32
2 2 16 16 4 2 8 16 16 256 8 2 64 2 2 2 2 4 4 4
2 32 4 4 64 2 2 4 2 4 4 32 4 2 2 8 2 4 4 2
2 2 4 16 2 2 32 4 8 2 4 2 8 2 2 2 2 2 2 2
2 4 4 2 8 2 2 8 2 64 4 2 8 4 2 2 16 2 4 8
4 8 4 8 2 2 4 2 2 4 2 2 2 4 4 2 64 2 4 2
2 2 64 2 8 2 2 8 4 8 2 2 8 2 2 2 16 2 16 8
16 2 4 8 2 16 2 4 2 4 2 8 2 4 8 8 2 2 2 2
4 2 4 2 8 8 16 2 2 2 2 2 2 2 2 8 4 4 4 4
4 4 128 2 4 2 4 4 16 2 8 4 2 32 2 128 4 16 2 4
4 2 2 4 2 128 2 2 4 2 2 16 2 2 4 2 4 8 2 2
3 43
2 2 4
8 16 4
2 2 2
6 44
8 4 2 2 8 4
16 64 2 2 2 2
2 4 16 2 4 2
32 2 2 2 4 2
4 8 2 4 2 2
2 2 16 2 2 2
18 50
4 2 2 16 2 2 64 16 2 4 4 8 2 2 2 4 16 2
8 2 2 4 4 16 4 4 2 2 2 4 2 2 8 4 2 4
4 4 4 4 2 2 512 16 2 2 8 2 2 2 4 2 2 2
2 2 2 2 2 2 4 16 16 2 8 2 16 2 2 2 8 2
16 2 2 2 4 2 4 16 4 2 2 2 16 8 2 2 4 2
2 8 4 4 2 64 2 8 16 2 4 8 16 2 2 4 2 2
4 4 2 8 2 2 2 16 2 4 16 2 16 8 2 4 2 16
16 2 2 8 4 2 2 32 2 2 4 2 2 4 2 2 4 4
2 2 2 2 4 8 8 4 16 2 4 2 2 4 4 4 2 4
2 2 64 64 2 8 4 4 2 2 8 4 4 2 4 2 4 32
4 2 2 16 4 2 2 2 4 4 4 4 8 2 32 4 2 4
2 4 8 2 2 2 2 2 32 32 8 16 4 4 4 128 2 2
2 2 2 2 2 2 8 2 4 2 2 2 64 2 2 2 8 2
8 2 8 4 2 4 2 2 2 16 8 2 8 4 2 2 32 8
4 2 2 2 2 4 2 16 4 2 2 2 2 2 2 2 2 8
4 2 2 2 4 4 4 2 2 8 128 4 16 2 4 64 2 2
2 8 2 8 4 4 8 4 4 2 4 4 2 2 4 4 16 2
2 4 2 2 4 2 8 256 2 16 2 2 4 4 2 2 2 4
5 20
2 2 8 2 4
2 4 2 2 4
16 2 4 4 4
8 2 4 2 2
4 32 32 4 4
9 13
2 32 2 2 2 4 2 2 4
4 2 128 16 16 2 4 32 2
2 8 8 16 2 2 2 16 2
2 2 2 2 2 2 2 2 512
16 4 2 2 2 2 2 2 8
2 2 2 2 4 4 2 4 2
4 2 2 2 2 4 2 2 2
4 2 4 2 2 2 2 2 2
4 4 8 2 2 2 4 2 4
18 20
4 4 64 2 4 8 4 8 2 2 4 2 2 16 4 16 4 2
2 2 2 4 2 2 4 16 2 2 2 2 2 16 4 4 16 2
2 2 8 32 4 2 2 2 2 4 2 2 2 4 2 4 4 2
8 2 8 2 2 8 8 2 2 4 2 4 2 4 4 2 16 4
4 4 2 2 4 2 2 2 32 2 8 2 2 4 4 2 4 2
2 4 2 64 2 4 8 8 8 2 2 2 4 32 8 2 2 2
8 4 16 2 4 2 4 4 4 32 2 8 8 4 8 32 2 2
2 2 4 2 8 4 16 4 2 32 2 2 2 2 2 4 16 2
2 4 8 16 2 2 2 2 8 2 4 4 16 2 4 256 2 8
2 8 2 2 16 2 2 2 2 2 256 8 2 2 2 2 2 2
2 2 8 4 2 2 2 8 32 2 2 2 8 2 4 4 2 2
16 8 2 2 4 2 16 2 2 2 2 2 4 2 2 64 4 2
4 2 2 2 2 8 8 2 8 16 2 16 16 4 2 2 2 2
2 4 2 4 8 2 32 2 2 2 16 8 2 4 4 2 4 2
4 2 2 4 8 8 2 4 2 4 2 2 2 4 2 4 2 4
32 2 16 4 2 2 2 16 8 2 2 2 2 4 2 8 4 2
2 2 2 2 2 2 16 4 4 4 2 4 2 4 2 4 2 8
2 4 4 4 2 2 4 16 2 2 4 2 4 2 2 2 32 2
8 5
2 2 8 2 16 2 4 2
4 2 2 8 2 4 8 2
2 2 8 2 16 4 4 2
2 2 2 2 2 4 2 4
16 2 8 2 8 128 2 128
2 4 4 2 2 2 2 2
4 2 2 2 16 2 2 512
2 16 2 16 64 4 2 2
6 18
8 2 4 4 2 4
4 4 4 2 4 2
64 4 4 2 2 2
2 8 8 2 8 4
4 2 2 2 2 32
256 8 4 2 2 8
9 48
8 8 2 8 8 8 2 2 4
2 2 2 2 64 2 2 2 2
4 8 4 8 4 16 8 2 4
64 2048 2 8 2 32 8 2 4
8 2 2 8 4 2 2 2 64
2 8 8 16 4 4 2 2 8
4 2 2 4 8 4 2 2 2
2 2 2 4 4 2 2 4 16
8 2 2 2 2 4 4 2 16
2 28
4 2
4 4
7 42
2 2 2 2 8 4 2
2 2 4 4 2 2 2
16 32 4 8 64 2 4
2 2 2 8 4 4 2
8 8 2 2 16 2 2
32 4 4 2 2 4 4
4 32 4 2 16 2 32
17 25
2 2 4 2 4 16 16 2 2 2 2 4 8 2 64 2 2
2 2 2 16 2 8 8 4 8 2 2 2 2 2 4 4 2
2 2 4 2 4 32 2 2 4 8 8 4 4 2 2 2 2
2 2 2 16 4 4 4 8 128 32 2 2 64 4 2 2 2
2 2 4 2 2 8 32 2 2 2 8 2 4 2 2 512 2
16 32 2 2 16 4 2 8 16 2 2 8 2 8 64 2 2
4 2 8 2 2 16 4 8 2 2 4 8 4 4 2 4 4
2 4 2 2 16 2 16 2 4 2 8 2 2 128 8 2 2
2 2 2 2 16 8 2 4 2 2 4 8 2 4 2 8 4
16 2 4 2 2 2 2 8 2 2 2 2 8 2 2 4 2
2 2 2 16 2 8 2 2 2 16 2 8 4 8 2 2 32
2 16 2 8 2 2 8 4 2 8 2 4 4 2 2 2 2
8 8 2 4 2 4 8 8 2 2 4 2 2 8 4 16 128
8 2 8 8 2 16 4 8 2 2 2 2 8 2 8 2 2
2 4 2 16 4 2 4 16 32 2 2 2 64 2 32 2 2
16 4 4 16 2 4 2 32 2 8 2 8 4 2 16 4 2
2 8 32 2 8 2 2 2 16 2 2 2 2 2 2 2 2
3 31
4 32 4
2 2 4
4 2 2
5 17
16 2 2 16 2
4 2048 8 2 8
2 2 4 8 2
4 8 2 2 2
16 4 2 2 8
6 47
64 4 4 2 2 2
4 2 32 4 2 8
2 4 4 2 8 2
2 4 2 2 4 8
2 2 4 8 4 2
4 4 2 2 4 2
4 3
4 2 2 2
8 2 2 2
16 4 2 4
2 2 2 2
8 24
2 4 8 16 2 4 2 2
2 4 2 2 32 4 2 4
4 2 128 2 4 2 2 4
8 2 4 8 2 2 4 2
8 2 2 2 2 32 4 4
8 2 4 4 4 2 2 4
64 2 8 2 2 2 4 4
4 4 4 32 4 4 2 4
5 21
2 2 2 2 8
2 2 2 2 8
4 8 4 2 4
8 4 4 2 8
2 2 4 2 2
13 22
2 2 2 4 2 8 2 2 2 2 2 2 8
2 4 4 8 2 4 8 2 8 2 4 2 4
2 2 16 4 2 2 2 4 2 2 4 4 4
1024 8 2 2 64 2 2 2 2 32 2 2 4
2 2 2 4 16 8 2 4 2 32 16 4 2
2 2 2 2 4 2 32 4 8 2 2 32 2
4 4 16 2 2 8 2 16 4 16 2 4 2
128 2 2 4 2 8 2 64 8 8 4 4 4
8 8 2 2 4 2 4 2 2 8 2 4 2
2 2 2 2 2 8 2 4 4 4 8 2 4
4 2 2 2 4 16 4 2 4 4 4 4 2
4 2 4 4 2 8 8 4 8 2 64 4 8
2 4 2 2 2 4 4 2 2 8 32 4 4
12 29
2 4 8 2 4 4 2 32 16 2 64 2
2 16 8 2 2 2 8 4 2 2 2 2
4 2 4 2 2 2 4 2 2 2 2 2
2 2 8 2 4 2 16 2 2 4 2 2
16 2 2 2 2 4 16 2 2 2 2 4
4 8 2 2 8 8 8 2 8 2 8 2
16 2 16 4 4 16 4 4 4 2 2 2
4 4 2 4 2 16 4 4 2 4 32 2
2 4 2 2 4 2 2 8 2 4 4 4
2 2 2 8 2 2 2 2 8 2 4 4
4 4 2 2 2 32 8 2 2 2 2 2
2 2 2 8 2 8 2 16 2 2 8 2
1 41
32
8 8
4 4 2 4 2 4 2 8
2 16 2 2 2 2 2 16
8 2 32 32 2 32 2 4
4 2 4 2 4 16 4 4
2 4 16 2 2 2 2 2
8 2 4 2 16 8 4 16
2 4 2 8 4 8 2 4
2 2 16 2 2 2 4 8
9 9
2 2 2 8 2 32 4 8 2
128 8 4 2 4 2 2 4 2
4 8 2 2 2 2 2 2 2
4 4 2 2 2 2 4 8 4
2 4 2 4 2 2 2 2 64
2 4 2 2 2 4 2 4 32
32 2 4 128 16 2 4 16 2
2 2 4 8 2 2 2 4 4
4 2 4 4 2 2 2 2 2
14 34
32 2 2 4 4 2 2 4 32 2 2 2 2 2
2 2 128 2 4 2 2 2 8 2 16 2 2 16
8 16 4 4 4 4 2 2 8 4 2 2 8 16
2 2 2 512 2 4 2 4 2 2 4 4 2 2
2 4 4 2 2 2 4 16 2 2 16 64 4 2
2 2 2 2 4 8 8 2 2 2 2 2 8 8
16 4 2 8 4 32 2 2 4 2 4 2 2 2
2 2 2 2 2 32 2 2 32 4 2 2 4 2
4 2 2 4 8 2 2 8 2 4 8 4 2 2
8 2 2 32 4 2 64 2 4 4 2 2 2 16
4 2 2 4 2 2 4 64 2 128 2 2 32 4
16 2 256 4 2 8 16 2 2 2 2 8 4 128
2 2 16 2 2 16 2 4 4 4 8 2 4 16
2 2 4 64 2 2 8 128 32 2 4 4 4 4
4 24
2 4 2 128
16 2 2 4
64 2 4 8
8 2 2 4
18 50
32 4 4 8 4 2 2 4 2 4 4 2 4 2 2 16 4 32
2 4 2 2 2 2 2 2 4 2 8 2 64 4 4 2 16 2
4 2 4 4 2 2 2 2 16 4 2 8 2 2 32 2 2 4
4 2 32 2 4 32 4 2 2 4 4 16 4 2 2 4 2 2
2 2 2 8 4 2 2 4 2 2 2 2 2 8 2 4 2 4
2 4 2 2 2 4 2 16 2 128 4 16 16 2 2 4 2 32
2 2 2 8 16 4 8 32 2 8 2 4 4 4 8 2 4 2
16 4 256 2 2 2 8 2 4 2 8 4 16 2 64 2 2 4
2 8 2 16 2 4 4 16 2 16 8 2 8 2 2 2 2 2
2 2 8 2 2 2 2 4 64 2 2 16 2 16 4 2 2 4
2 2 2 2 2 8 2 2 2 2 2 2 4 4 8 4 16 2
32 2 2 2 4 2 2 2 16 8 4 2 2 2 2 2 2 2
64 2 2 2 512 4 4 512 2 16 8 8 2 2 2 2 16 8
2 4 16 2 2 4 2 8 4 4 8 2 2 4 2 2 4 2
8 16 4 4 4 8 2 8 4 2 2 16 2 8 2 64 2 4
4 8 4 16 16 16 8 2 2 2 2 4 4 4 16 4 2 2
16 2 2 8 16 128 8 4 2 16 2 2 2 2 2 2 4 8
8 2 2 4 2 2 2 4 8 2 2 4 2 2 32 4 2 2
4 21
4 4 16 64
2 2 32 4
4 2 2 32
2 2 4 16
4 10
2 2 2 2
2 2 2 2
2 2 2 4
8 16 2 2
8 1
4 8 2 4 8 2 4 4
4 4 16 4 2 2 4 8
16 2 4 2 4 2 2 4
2 4 2 2 4 4 128 2
8 2 8 4 2 2 2 8
2 4 4 8 2 2 2 2
16 64 4 4 4 2 16 2
2 32 2 8 2 2 16 2
10 18
512 2 2 2 2 2 8 4 2 4
16 2 2 2 2 16 8 2 2 2
2 8 4 2 4 2 4 4 32 2
2 4 2 2 2 1024 2 2 16 2
8 4 4 2 2 2 2 2 2 2
2 32 2 8 32 2 4 8 2 2
8 2 2 4 2 32 4 8 4 2
2 2 2 2 2 2 4 8 4 2
64 16 2 2 32 2 16 2 4 4
2 2 4 2 8 4 2 32 4 2
12 3
16 4 2 2 4 4 4 2 2 2 16 2
2 2 4 4 4 8 2 16 2 2 2 4
16 16 2 16 2 8 4 8 32 4 2 2
2 2 8 2 4 2 4 2 16 2 2 2
2 2 4 2 2 2 8 2 2 4 64 32
4 2 4 4 4 2 2 2 2 2 2 8
2 4 8 4 2 2 2 2 32 2 4 4
4 2 2 2 4 4 2 2 2 4 2 4
2 2 2 8 2 2 4 8 2 4 8 2
8 2 2 64 8 8 2 2 64 2 16 2
16 2 4 4 8 8 32 8 8 8 4 2
64 2 2 4 2 8 4 2 8 2 2 2
9 33
8 64 2 2 2 256 2 4 4
4 2 4 8 8 4 4 16 2
64 64 16 2 2 16 2 8 2
8 2 2 4 2 128 2 4 4
8 2 8 2 8 4 16 2 128
2 2 2 32 64 2 4 2 2
4 2 2 4 4 8 2 4 2
4 4 2 2 16 2 16 4 4
2 2 8 2 4 32 2 4 4
12 37
8 2 2 2 2 16 4 2 4 2 4 2
4 2 2 2 2 4 2 2 2 2 2 16
2 8 16 4 2 2 64 8 2 2 4 4
2 2 2 2 2 4 4 2 8 2 4 16
16 2 2 2 4 4 2 2 16 2 16 2
2 8 4 2 8 2 2 2 2 32 4 4
8 64 2 2 2 8 2 2 2 8 4 2
2 4 2 8 2 4 2 2 2 8 2 2
2 4 2 2 2 8 2 2 2 2 8 4
8 2 2 8 2 2 8 2 8 2 4 2
2 16 2 2 4 4 4 2 2 8 4 16
2 16 8 2 2 2 8 8 2 512 4 2
9 47
2 2 4 2 2 4 2 8 2
2 4 2 2 16 2 8 4 2
2 2 8 16 2 8 2 2 4
8 4 2 2 2 2 64 4 8
16 2 8 2 8 2 4 2 2
16 2 8 8 256 2 16 2 2
8 4 32 32 128 4 4 2 8
2 4 2 2 2 2 4 4 2
32 2 2 2 8 8 2 2 4
5 3
2 4 128 2 2
8 2 2 8 8
2 4 8 2 2
2 2 4 2 16
2 2 2 2 2
